1	0.9797391	0.09016404	0.04001347	0.00145412
2	1.006192	-0.02032539	0.07319995	0.00290824
3	1.522866	-0.06210249	0.09505831	0.00436236
4	0.9948153	-0.05446396	0.08190241	0.00581648
5	0.9796141	-0.07055751	0.07737686	0.0072706
6	0.9690868	-0.08683348	0.07070206	0.00872472
7	0.956146	-0.1029516	0.06427076	0.01017884
8	0.944532	-0.1192188	0.05876091	0.01163296
9	0.9297948	-0.1351311	0.0544871	0.01308708
10	0.9173829	-0.1513825	0.05157062	0.0145412
11	0.8997468	-0.1668727	0.04995166	0.01599532
12	0.8867431	-0.1833249	0.04946952	0.01744944
13	0.8703701	-0.1993426	0.04989968	0.01890356
14	0.8572171	-0.2161556	0.05107279	0.02035768
15	0.8393643	-0.2320042	0.05272822	0.0218118
16	0.8236415	-0.2485037	0.0550231	0.02326592
17	0.8072787	-0.2652119	0.05781333	0.02472004
18	0.7920836	-0.2822669	0.06108592	0.02617416
19	0.7748797	-0.2989602	0.06474833	0.02762828
20	0.7595587	-0.3163148	0.06864181	0.0290824
21	0.7421185	-0.3331318	0.07275482	0.03053652
22	0.7242283	-0.3498242	0.0770716	0.03199064
23	0.706514	-0.3667831	0.08158921	0.03344476
24	0.6896502	-0.384212	0.08635441	0.03489888
25	0.6710311	-0.4012434	0.09145042	0.036353
26	0.6538741	-0.4189614	0.0967412	0.03780712
27	0.634869	-0.4357577	0.1020709	0.03926124
28	0.6165509	-0.4529141	0.1076844	0.04071536
29	0.5977931	-0.4696997	0.1133652	0.04216948
30	0.5785033	-0.4858049	0.1189714	0.0436236
31	0.5585887	-0.5007934	0.1244226	0.04507772
32	0.5385748	-0.5147069	0.1295637	0.04653184
33	0.517049	-0.5261453	0.1339272	0.04798596
34	0.4937489	-0.5341775	0.1374245	0.04944008
35	0.470308	-0.5393307	0.1398666	0.0508942
36	0.4446526	-0.5396409	0.1408755	0.05234832
37	0.4188972	-0.5369397	0.1408353	0.05380244
38	0.3941106	-0.5327937	0.1398593	0.05525656
39	0.3703264	-0.5263678	0.1377318	0.05671068
40	0.3462699	-0.5164872	0.1344251	0.0581648
41	0.325254	-0.507441	0.1306145	0.05961892
42	0.3028818	-0.4958166	0.1262938	0.06107304
43	0.2807179	-0.4832262	0.1219838	0.06252716
44	0.2606915	-0.4726176	0.1177704	0.06398128
45	0.2389931	-0.4598286	0.1134805	0.0654354
46	0.2178061	-0.4473175	0.1094803	0.06688952
47	0.1998256	-0.4373688	0.1056733	0.06834364
48	0.179022	-0.4223972	0.1015005	0.06979776
49	0.1592562	-0.4063033	0.09698159	0.07125188
50	0.1372159	-0.384884	0.0918952	0.072706
51	0.1192894	-0.3660744	0.0861598	0.07416012
52	0.09772336	-0.3418278	0.07985052	0.07561424
53	0.0801705	-0.3221174	0.07319807	0.07706836
54	0.06026227	-0.2986389	0.06722296	0.07852248
55	0.04122034	-0.2754249	0.0628478	0.0799766
56	0.02389179	-0.2533752	0.06066744	0.08143072
57	0.004231746	-0.2260161	0.05834931	0.08288484
58	-0.01049618	-0.2044662	0.05583648	0.08433896
59	-0.02934335	-0.1744401	0.0530015	0.08579309
60	-0.04320284	-0.1502547	0.05027438	0.0872472
61	-0.06177498	-0.116099	0.04740797	0.08870132
62	-0.07386167	-0.0912002	0.04444696	0.09015545
63	-0.08850921	-0.05975978	0.04177403	0.09160956
64	-0.09934614	-0.03223795	0.03912867	0.09306368
65	-0.110677	-0.00126976	0.03658323	0.0945178
66	-0.118737	0.02591738	0.03429195	0.09597192
67	-0.1265403	0.05584868	0.03178761	0.09742604
68	-0.1321103	0.08366101	0.02949658	0.09888016
69	-0.1356609	0.1102255	0.0271924	0.1003343
70	-0.1396899	0.141261	0.02484702	0.1017884
71	-0.138447	0.1625305	0.02258595	0.1032425
72	-0.1391239	0.1922952	0.02039866	0.1046966
73	-0.1342662	0.2086827	0.01834034	0.1061508
74	-0.1307747	0.2313864	0.01636666	0.1076049
75	-0.1231693	0.2420501	0.01453842	0.109059
76	-0.11629	0.257054	0.01325111	0.1105131
77	-0.1064694	0.260982	0.01268573	0.1119672
78	-0.09764878	0.2673981	0.0124728	0.1134214
79	-0.08778188	0.2666522	0.01285214	0.1148755
80	-0.07860497	0.2657518	0.01380242	0.1163296
81	-0.06988977	0.2621713	0.01555639	0.1177837
82	-0.06122898	0.2529621	0.01801037	0.1192378
83	-0.05397148	0.2455523	0.02127052	0.120692
84	-0.04726391	0.2341019	0.02511337	0.1221461
85	-0.04216934	0.2265848	0.02972941	0.1236002
86	-0.03752094	0.2170123	0.03497928	0.1250543
87	-0.03336351	0.2110668	0.04068222	0.1265084
88	-0.02913514	0.2034417	0.04675963	0.1279626
89	-0.02465405	0.1998209	0.05302144	0.1294167
90	-0.01975348	0.1974139	0.0596007	0.1308708
91	-0.01418694	0.1953414	0.06632861	0.1323249
92	-0.008390607	0.1956821	0.07350796	0.133779
93	-0.002860934	0.1920911	0.08137393	0.1352332
94	0.002276624	0.1920921	0.08985332	0.1366873
95	0.007000649	0.1920343	0.0986352	0.1381414
96	0.01149304	0.1928138	0.1081167	0.1395955
97	0.01531539	0.1927944	0.1183076	0.1410496
98	0.01824338	0.1888564	0.1287976	0.1425038
99	0.0216708	0.191193	0.1396154	0.1439579
100	0.02371679	0.1852627	0.1506262	0.145412
101	0.02705033	0.1886074	0.1615964	0.1468661
102	0.02855173	0.1822584	0.1718128	0.1483202
103	0.03147786	0.184352	0.1811036	0.1497744
104	0.03244526	0.1775816	0.1894532	0.1512285
105	0.03481083	0.1773887	0.1967772	0.1526826
106	0.03570042	0.1718795	0.2026806	0.1541367
107	0.03732703	0.168776	0.2065584	0.1555908
108	0.03855695	0.1644111	0.2083181	0.157045
109	0.03885677	0.1569283	0.2079426	0.1584991
110	0.03970616	0.151291	0.2056792	0.1599532
111	0.03901636	0.1411173	0.1993223	0.1614073
112	0.04010195	0.1361551	0.1891472	0.1628614
113	0.03895508	0.1255975	0.1762574	0.1643156
114	0.04002161	0.1210632	0.1632654	0.1657697
115	0.0384012	0.1105699	0.1511903	0.1672238
116	0.03927269	0.1059196	0.1389424	0.1686779
117	0.03809347	0.09742443	0.1254147	0.170132
118	0.03845074	0.09241683	0.109455	0.1715862
119	0.038803	0.08768745	0.09187695	0.1730403
120	0.03913775	0.08323438	0.07327358	0.1744944
121	0.03922934	0.07870212	0.05517481	0.1759485
122	0.04052772	0.07633231	0.03819842	0.1774026
123	0.04138251	0.07357695	0.0228681	0.1788568
124	0.04490268	0.07487734	0.009260898	0.1803109
125	0.04684675	0.07373185	-0.002223725	0.181765
126	0.05008591	0.07432537	-0.01224667	0.1832191
127	0.05459972	0.0763359	-0.02039732	0.1846732
128	0.05948856	0.07862532	-0.02717209	0.1861274
129	0.06316009	0.078854	-0.0322473	0.1875815
130	0.06811798	0.08053018	-0.03551949	0.1890356
131	0.0719798	0.08023643	-0.03732921	0.1904897
132	0.07460196	0.07847925	-0.0371197	0.1919438
133	0.07679386	0.07596873	-0.03523446	0.193398
134	0.07967813	0.07411787	-0.0315234	0.1948521
135	0.07906533	0.06845362	-0.02623064	0.1963062
136	0.08143946	0.06586064	-0.0197677	0.1977603
137	0.08436614	0.06363301	-0.01233494	0.1992144
138	0.0835344	0.05790662	-0.004059428	0.2006686
139	0.08440748	0.05394844	0.004598064	0.2021227
140	0.08560263	0.05027424	0.01306387	0.2035768
141	0.08695469	0.0469902	0.02153496	0.2050309
142	0.08812142	0.04361013	0.02930726	0.206485
143	0.0910044	0.04186529	0.03669591	0.2079392
144	0.09165445	0.0385325	0.04296341	0.2093933
145	0.09240448	0.03567459	0.04800776	0.2108474
146	0.09340738	0.03333721	0.05190051	0.2123015
147	0.08928683	0.02808855	0.05473239	0.2137557
148	0.08707078	0.02475676	0.05680102	0.2152098
149	0.08075198	0.01957804	0.0585091	0.2166639
150	0.07425977	0.01517673	0.06051663	0.218118
151	0.06519523	0.01022208	0.06374024	0.2195721
152	0.05324552	0.004842374	0.06943166	0.2210262
153	4.01E-02	3.38E-05	0.0779798	0.2224804
154	0.02891232	-0.002346341	0.08955547	0.2239345
155	0.01467373	-0.005122588	0.1030599	0.2253886
156	-0.002738212	-0.00812223	0.1169149	0.2268427
157	-0.01915987	-0.009570129	0.128869	0.2282968
158	-0.03488887	-0.009780639	0.137424	0.229751
159	-0.05321315	-0.01019246	0.1419249	0.2312051
160	-0.07264122	-0.01030525	0.1428187	0.2326592
161	-0.08807355	-0.008233167	0.1411436	0.2341133
162	-0.110517	-0.00793026	0.1381718	0.2355675
163	-0.1266584	-0.004986632	0.134954	0.2370216
164	-0.1486259	-0.003360746	0.1319871	0.2384757
165	-0.1650774	0.000288898	0.1292851	0.2399298
166	-0.1864206	0.002973336	0.126428	0.2413839
167	-0.2036802	0.00691623	0.1230214	0.242838
168	-0.2233726	0.01052125	0.1187303	0.2442922
169	-0.2430294	0.01408996	0.1132518	0.2457463
170	-0.2629696	0.01774568	0.1067669	0.2472004
171	-0.2834503	0.02105759	0.09937666	0.2486545
172	-0.3032701	0.02424728	0.0914067	0.2501087
173	-0.3243116	0.02684817	0.08295414	0.2515628
174	-0.3442023	0.02952006	0.07456186	0.2530169
175	-0.3621312	0.03214053	0.06586079	0.254471
176	-0.378724	0.03492285	0.05744016	0.2559251
177	-0.3968051	0.03777825	0.04939515	0.2573792
178	-0.4105704	0.0412235	0.04184726	0.2588334
179	-0.4245757	0.04531697	0.03522541	0.2602875
180	-0.4383652	0.04990803	0.02945858	0.2617416
181	-0.4516756	0.05522507	0.02485881	0.2631957
182	-0.4664031	0.06111608	0.02103561	0.2646498
183	-0.4811459	0.06784315	0.01846731	0.266104
184	-0.4932587	0.0750641	0.01690624	0.2675581
185	-0.5111325	0.0834984	0.01679903	0.2690122
186	-0.5238716	0.09230427	0.01762639	0.2704663
187	-0.5369202	0.1017997	0.01970552	0.2719204
188	-0.5517451	0.1123273	0.02306323	0.2733746
189	-0.5663797	0.1235118	0.02756131	0.2748287
190	-0.5813895	0.1355951	0.03345151	0.2762828
191	-0.5977058	0.1486092	0.04018186	0.2777369
192	-0.6115454	0.1621338	0.04785972	0.279191
193	-0.6285494	0.1770072	0.05659895	0.2806452
194	-0.6458236	0.1930254	0.0658493	0.2820993
195	-0.6653937	0.2106804	0.07573661	0.2835534
196	-0.6814534	0.2285528	0.08540072	0.2850075
197	-0.7016698	0.2487807	0.09445654	0.2864617
198	-0.7198409	0.2695517	0.1021377	0.2879158
199	-0.7432081	0.2933764	0.1078673	0.2893699
200	-0.7630178	0.3172591	0.1108917	0.290824
201	-0.7877231	0.3441893	0.1111971	0.2922781
202	-0.8097457	0.3712585	0.1084772	0.2937323
203	-0.8382737	0.4021643	0.1035548	0.2951864
204	-0.8668207	0.4340997	0.09707225	0.2966405
205	-0.9010956	0.4694076	0.08967248	0.2980946
206	-0.9371857	0.5064479	0.08177522	0.2995487
207	-0.9802	0.5478992	0.07398359	0.3010029
208	-1.032096	0.5951723	0.06650013	0.302457
209	-1.085391	0.644958	0.05937487	0.3039111
210	-1.14423	0.6995125	0.05297624	0.3053652
211	-1.201002	0.7543781	0.0468546	0.3068193
212	-1.257036	0.8109683	0.04141739	0.3082734
213	-1.307939	0.8667493	0.03641054	0.3097276
214	-1.356329	0.9229221	0.03127756	0.3111817
215	-1.401237	0.9788124	0.02588459	0.3126358
216	-1.438786	1.031653	0.02032803	0.3140899
217	-1.472396	1.082125	0.01439589	0.315544
218	-1.492544	1.123891	0.008544761	0.3169982
219	-1.50443	1.161328	0.003029333	0.3184523
220	-1.501759	1.188017	-0.002090541	0.3199064
221	-1.492247	1.209435	-0.006736107	0.3213605
222	-1.476825	1.226276	-0.01093213	0.3228146
223	-1.455333	1.237783	-0.01472053	0.3242688
224	-1.428738	1.245632	-0.0180222	0.3257229
225	-1.397836	1.25031	-0.02059648	0.327177
226	-1.357838	1.246053	-0.02222186	0.3286311
227	-1.320739	1.245598	-0.02285963	0.3300852
228	-1.27686	1.240194	-0.02241912	0.3315394
229	-1.226933	1.22928	-0.02134382	0.3329935
230	-1.174812	1.218057	-0.01940869	0.3344476
231	-1.119503	1.205307	-0.01681557	0.3359017
232	-1.059658	1.190315	-0.01290932	0.3373559
233	-0.9963596	1.176161	-0.007231349	0.33881
234	-0.9423435	1.173966	-0.002134385	0.3402641
235	-0.8932118	1.17469	0.001284728	0.3417182
236	-0.8432003	1.169581	0.003377842	0.3431723
237	-0.793568	1.16049	0.004340038	0.3446265
238	-0.7454317	1.150133	0.004650129	0.3460806
239	-0.6906661	1.128029	0.005087905	0.3475347
240	-0.6372901	1.10633	0.005898634	0.3489888
241	-0.5868607	1.088058	0.007208825	0.3504429
242	-0.5367394	1.068591	0.008979218	0.3518971
243	-0.4870744	1.048416	0.0113566	0.3533512
244	-0.4399239	1.030986	0.01405267	0.3548053
245	-0.3971494	1.018539	0.01696883	0.3562594
246	-0.3629698	1.020388	0.01998791	0.3577135
247	-0.3313108	1.02636	0.02341123	0.3591676
248	-0.3046745	1.042355	0.02708652	0.3606218
249	-0.2826433	1.068786	0.0310196	0.3620759
250	-0.2645877	1.104227	0.03505063	0.36353
251	-0.2459552	1.138571	0.0390598	0.3649841
252	-0.2302858	1.18059	0.043186	0.3664382
253	-0.2136668	1.220469	0.04710866	0.3678924
254	-0.1948725	1.253331	0.05075236	0.3693465
255	-0.1749129	1.283072	0.05411197	0.3708006
256	-0.1523607	1.304045	0.057216	0.3722547
257	-0.1274401	1.315198	0.05990928	0.3737088
258	-0.1010128	1.318133	0.06226022	0.375163
259	-0.07359588	1.313487	0.06428909	0.3766171
260	-0.04554141	1.298808	0.06574519	0.3780712
261	-0.0181513	1.277742	0.06675456	0.3795253
262	0.007848756	1.248287	0.06676329	0.3809794
263	0.03354626	1.207813	0.0664973	0.3824336
264	0.0570435	1.157687	0.06526956	0.3838877
265	0.07743363	1.099929	0.06295845	0.3853418
266	0.09470814	1.031299	0.05958691	0.3867959
267	0.1076566	0.9604468	0.05512191	0.3882501
268	0.1170918	0.8799068	0.04971828	0.3897042
269	0.1228556	0.7948643	0.04355849	0.3911583
270	0.1250814	0.7150255	0.03715599	0.3926124
271	0.1243421	0.6379709	0.03051426	0.3940665
272	0.1214405	0.5609247	0.02407196	0.3955207
273	0.1169265	0.4930394	0.0180242	0.3969748
274	0.1111874	0.4259535	0.0125725	0.3984289
275	0.1046485	0.3724167	0.007556861	0.399883
276	0.09732679	0.3230004	0.003142113	0.4013371
277	0.08970241	0.2775776	-0.00065801	0.4027913
278	0.08135496	0.2409404	-0.004243811	0.4042454
279	0.07473069	0.213057	-0.00662427	0.4056995
280	0.06792355	0.1878559	-0.008635264	0.4071536
281	0.06246129	0.1699589	-0.009971187	0.4086077
282	0.0574143	0.153779	-0.01072966	0.4100618
283	0.05428334	0.1451962	-0.01080199	0.411516
284	0.05214875	0.1385746	-0.01032218	0.4129701
285	0.05146435	0.1351077	-0.009245697	0.4144242
286	0.05290106	0.1375021	-0.007848053	0.4158783
287	0.05481967	0.137424	-0.005621734	0.4173324
288	0.05913354	0.1429701	-0.003138351	0.4187866
289	0.06414205	0.1476399	-0.000172463	0.4202407
290	0.07179213	0.1569989	0.003213115	0.4216948
291	0.08066046	0.1665842	0.006958167	0.4231489
292	0.09139682	0.1781712	0.01096215	0.424603
293	0.1032119	0.1891585	0.01531767	0.4260572
294	0.1167149	0.2014065	0.0199691	0.4275113
295	0.1315266	0.2137721	0.0248395	0.4289654
296	0.1477383	0.2263966	0.03003177	0.4304195
297	0.1657859	0.241009	0.03521957	0.4318736
298	0.1842347	0.2528204	0.04087811	0.4333278
299	0.2039571	0.2649666	0.04660732	0.4347819
300	0.2256428	0.277984	0.05260289	0.436236
301	0.2486918	0.2910163	0.05873424	0.4376901
302	0.2710865	0.3007372	0.06497647	0.4391443
303	0.2952754	0.3113036	0.0713153	0.4405984
304	0.3200783	0.3210981	0.077609	0.4420525
305	0.3453928	0.3300692	0.08392687	0.4435066
306	0.3697689	0.3364191	0.09009338	0.4449607
307	0.3946865	0.342616	0.09610754	0.4464149
308	0.4194128	0.3475851	0.101999	0.447869
309	0.4440054	0.3518156	0.107628	0.4493231
310	0.4664131	0.3526931	0.112997	0.4507772
311	0.4897223	0.3544027	0.1180993	0.4522313
312	0.5116534	0.3540492	0.1229158	0.4536855
313	0.5327608	0.3526202	0.127368	0.4551396
314	0.5533357	0.3502681	0.1316612	0.4565937
315	0.5718684	0.3457499	0.1355817	0.4580478
316	0.5910913	0.3417877	0.1392493	0.4595019
317	0.6078462	0.3352345	0.1427076	0.460956
318	0.6264292	0.3302936	0.1459729	0.4624102
319	0.6414953	0.3218242	0.149078	0.4638643
320	0.6595323	0.3157654	0.1519265	0.4653184
321	0.6736428	0.3057385	0.1547625	0.4667725
322	0.6899711	0.2972128	0.1573537	0.4682266
323	0.7047156	0.2867288	0.1599892	0.4696808
324	0.7206405	0.2770779	0.1622561	0.4711349
325	0.7352357	0.2664913	0.1642193	0.472589
326	0.7497361	0.2560088	0.1657466	0.4740431
327	0.763595	0.2453435	0.166806	0.4754972
328	0.7747704	0.2332677	0.1674763	0.4769514
329	0.7859176	0.2222878	0.1673487	0.4784055
330	0.7915989	0.2085817	0.1668589	0.4798596
331	0.7993097	0.1972637	0.1657427	0.4813137
332	0.7991424	0.1826106	0.1640288	0.4827679
333	0.8012804	0.1706415	0.1615816	0.484222
334	0.7969136	0.1563437	0.1587027	0.4856761
335	0.7939378	0.1438899	0.1553478	0.4871302
336	0.7866445	0.1302136	0.1518461	0.4885843
337	0.7781498	0.116855	0.1479672	0.4900385
338	0.7678851	0.1033464	0.1439833	0.4914926
339	0.7544829	0.08922823	0.1398313	0.4929467
340	0.7431055	0.07659614	0.135617	0.4944008
341	0.7258012	0.06228757	0.131723	0.4958549
342	0.7131759	0.05037428	0.1270423	0.4973091
343	0.6943284	0.03702508	0.1216715	0.4987632
344	0.6817214	0.02645051	0.1156028	0.5002173
345	0.6635548	0.01548602	0.1086737	0.5016714
346	0.6507105	0.006062877	0.1015242	0.5031255
347	0.6357506	-0.003460655	0.09413356	0.5045797
348	0.6227343	-0.01204332	0.08647504	0.5060338
349	0.6098025	-0.02016592	0.07883148	0.5074879
350	0.5960336	-0.02812278	0.0712901	0.508942
351	0.5850748	-0.0351758	0.06395698	0.5103961
352	0.5709271	-0.04254958	0.05696968	0.5118502
353	0.5602592	-0.04910883	0.05040343	0.5133044
354	0.5474164	-0.05584981	0.0443384	0.5147585
355	0.5375313	-0.06211787	0.03889644	0.5162126
356	0.5246904	-0.06854703	0.03420495	0.5176668
357	0.5141754	-0.07477146	0.03001771	0.5191209
358	0.5030808	-0.08063071	0.02621788	0.520575
359	0.4911285	-0.08607182	0.02264401	0.5220291
360	0.4793856	-0.09084762	0.01942815	0.5234832
361	0.4648062	-0.09506661	0.01639585	0.5249373
362	0.4518091	-0.09836996	0.01344387	0.5263914
363	0.4352846	-0.100808	0.01060429	0.5278456
364	0.4194583	-0.1022057	0.007699086	0.5292997
365	0.4008593	-0.10258	0.004812184	0.5307538
366	0.3819619	-0.1020905	0.001981895	0.5322079
367	0.362021	-0.1007066	-0.000745947	0.5336621
368	0.3400638	-0.0983002	-0.003386429	0.5351162
369	0.3206663	-0.09550468	-0.005941298	0.5365703
370	0.296668	-0.09126388	-0.008435713	0.5380244
371	0.2776303	-0.0871365	-0.01080354	0.5394785
372	0.2527783	-0.08137686	-0.01297406	0.5409327
373	0.2339133	-0.07609678	-0.01497557	0.5423868
374	0.2101151	-0.06920657	-0.01675234	0.5438409
375	0.1902624	-0.06248766	-0.01846078	0.545295
376	0.1680799	-0.05463487	-0.01990986	0.5467491
377	0.147521	-0.04663866	-0.02118911	0.5482032
378	0.1274073	-0.03813922	-0.02232908	0.5496573
379	0.1055996	-0.02851116	-0.02326334	0.5511115
380	0.08846403	-0.01978358	-0.02399212	0.5525656
381	0.06592286	-0.008585346	-0.0245607	0.5540197
382	0.04996765	0.000726834	-0.02491941	0.5554739
383	0.02856697	0.01265987	-0.0250704	0.556928
384	0.01334612	0.02259379	-0.02500234	0.5583821
385	-0.006265068	0.03492403	-0.02470298	0.5598362
386	-0.02114289	0.0455386	-0.0241358	0.5612903
387	-0.03836936	0.05775247	-0.02335654	0.5627444
388	-0.05360062	0.06942762	-0.02228484	0.5641986
389	-0.06777467	0.08107588	-0.02099688	0.5656527
390	-0.08308772	0.09371304	-0.01933329	0.5671068
391	-0.09523878	0.1049925	-0.01759597	0.568561
392	-0.1097732	0.1180336	-0.01552818	0.5700151
393	-0.1205892	0.1292616	-0.0133084	0.5714692
394	-0.1331718	0.1419673	-0.01077891	0.5729233
395	-0.1435312	0.1535863	-0.008053122	0.5743774
396	-0.1538571	0.1654896	-0.005084578	0.5758315
397	-0.1639569	0.1774855	-0.001930283	0.5772856
398	-0.1720168	0.1883646	0.001415203	0.5787398
399	-0.1818461	0.2008716	0.004945847	0.5801939
400	-0.1871425	0.2100112	0.008691498	0.581648
401	-0.1964678	0.2226753	0.01258908	0.5831021
402	-0.2013916	0.2321228	0.0165064	0.5845563
403	-0.2082841	0.2433452	0.02063973	0.5860104
404	-0.21266	0.2525995	0.02481801	0.5874645
405	-0.2177991	0.2627777	0.02913359	0.5889186
406	-0.2217803	0.2721025	0.03349046	0.5903727
407	-0.2241923	0.2799981	0.03794681	0.5918269
408	-0.2284439	0.2901295	0.04239299	0.593281
409	-0.2279828	0.2953329	0.04687083	0.5947351
410	-0.2321378	0.3056736	0.05138895	0.5961892
411	-0.2303232	0.3093451	0.05583983	0.5976433
412	-0.2336287	0.3190971	0.06027542	0.5990974
413	-0.2313478	0.3222836	0.0645238	0.6005515
414	-0.2332287	0.3305583	0.06877863	0.6020057
415	-0.2313004	0.3339584	0.072933	0.6034598
416	-0.2313371	0.3401506	0.07699572	0.6049139
417	-0.2298614	0.3440645	0.08099649	0.6063681
418	-0.227992	0.3473961	0.08484814	0.6078222
419	-0.2273788	0.3527733	0.08867813	0.6092763
420	-0.2236609	0.3530166	0.09267282	0.6107304
421	-0.2236967	0.3593326	0.09696954	0.6121845
422	-0.219547	0.3586359	0.1013926	0.6136386
423	-0.2190641	0.3643273	0.106026	0.6150928
424	-0.2147567	0.362936	0.1105324	0.6165469
425	-0.2133045	0.3671705	0.1148006	0.618001
426	-0.2092676	0.3661347	0.1185245	0.6194552
427	-0.2066245	0.368111	0.1215777	0.6209093
428	-0.2031191	0.3681964	0.123867	0.6223634
429	-0.1990485	0.366733	0.1255025	0.6238175
430	-0.1960916	0.3679485	0.1266293	0.6252716
431	-0.1910059	0.3635077	0.1273159	0.6267257
432	-0.1883296	0.3651811	0.1278795	0.6281798
433	-0.1831264	0.3596055	0.1282423	0.629634
434	-0.1801964	0.3607425	0.1286266	0.6310881
435	-0.175106	0.3547117	0.1289886	0.6325422
436	-0.1717099	0.3542844	0.1293864	0.6339963
437	-0.1671801	0.3495221	0.1297091	0.6354505
438	-0.1631375	0.3467161	0.1298914	0.6369046
439	-0.1590336	0.3434152	0.1299859	0.6383587
440	-0.1543609	0.3374937	0.1298367	0.6398128
441	-0.1505587	0.3355864	0.129529	0.6412669
442	-0.1456889	0.3276837	0.1289615	0.6427211
443	-0.1418547	0.3258595	0.1282102	0.6441752
444	-0.1370685	0.3172591	0.1272186	0.6456293
445	-0.1330713	0.3148187	0.1260711	0.6470834
446	-0.1285733	0.3069631	0.124757	0.6485375
447	-0.1244725	0.3035513	0.1233713	0.6499916
448	-0.1202042	0.2979674	0.1220103	0.6514457
449	-0.1158835	0.2932916	0.1207715	0.6528999
450	-0.111563	0.2900924	0.1197938	0.654354
451	-0.1070043	0.2837957	0.1188096	0.6558082
452	-0.1023386	0.2823805	0.1180719	0.6572623
453	-0.09753628	0.2762149	0.1172574	0.6587164
454	-0.09179486	0.2753759	0.1161014	0.6601705
455	-0.08760218	0.2684736	0.1154338	0.6616246
456	-0.0805111	0.2709104	0.1135284	0.6630787
457	-0.07273751	0.2694409	0.1108661	0.6645328
458	-0.06331765	0.2709607	0.1073499	0.665987
459	-0.05265195	0.2728549	0.1029693	0.6674411
460	-0.04110663	0.2724645	0.09771401	0.6688952
461	-0.02919049	0.2742852	0.09229927	0.6703494
462	-0.01914391	0.2678252	0.08687743	0.6718035
463	-0.01092827	0.2623675	0.08216384	0.6732576
464	-0.005347927	0.2497729	0.07772963	0.6747117
465	8.71E-05	0.2420379	0.07376745	0.6761658
466	0.00394039	0.2297429	0.06967417	0.6776199
467	0.008014247	0.2218144	0.06606565	0.679074
468	0.01113156	0.2125458	0.06275727	0.6805282
469	0.01396187	0.2051462	0.05986124	0.6819823
470	0.0168163	0.1998841	0.05735276	0.6834364
471	0.01823383	0.1915692	0.05513653	0.6848905
472	0.02132266	0.1882723	0.05295247	0.6863447
473	0.02227926	0.1798026	0.05070861	0.6877988
474	0.02488989	0.1761202	0.04860438	0.6892529
475	0.02568694	0.166786	0.04627628	0.690707
476	0.02796669	0.1616443	0.04411022	0.6921611
477	0.02736902	0.1507579	0.04206311	0.6936153
478	0.02716891	0.1410666	0.04005076	0.6950694
479	0.02471649	0.1278623	0.03823752	0.6965235
480	0.02226817	0.1155831	0.03628928	0.6979776
481	0.01987154	0.1043096	0.03448159	0.6994317
482	0.01749321	0.09370146	0.0324909	0.7008858
483	0.01612246	0.08509113	0.03044637	0.70234
484	0.01382452	0.07514864	0.02818982	0.7037941
485	0.01231519	0.06666566	0.02592759	0.7052482
486	0.01069164	0.05809772	0.02351959	0.7067024
487	0.009333462	0.05002733	0.0210838	0.7081565
488	0.007584076	0.04174585	0.0185563	0.7096106
489	0.004829466	0.03234019	0.01592192	0.7110647
490	0.00322636	0.02488286	0.01327711	0.7125188
491	-0.000731152	0.01476812	0.01049347	0.7139729
492	-0.003007208	0.007226617	0.007786612	0.715427
493	-0.007320812	-0.0023161	0.005009283	0.7168812
494	-0.01003247	-0.009522731	0.002389839	0.7183353
495	-0.0139807	-0.01753224	-0.000192296	0.7197894
496	-0.01738627	-0.02440055	-0.002538571	0.7212436
497	-0.02082699	-0.03065816	-0.004764839	0.7226977
498	-0.02482179	-0.03684352	-0.00687524	0.7241518
499	-0.02721672	-0.04094208	-0.008812126	0.7256059
500	-0.03144942	-0.04610679	-0.01060322	0.72706
501	-0.03293305	-0.04832005	-0.01222257	0.7285141
502	-0.03776556	-0.05288516	-0.0137332	0.7299682
503	-0.03828228	-0.05334838	-0.0149368	0.7314224
504	-0.04171046	-0.05578341	-0.01598647	0.7328765
505	-0.04200685	-0.05543499	-0.01677529	0.7343306
506	-0.04531179	-0.05708542	-0.0173816	0.7357847
507	-0.04649994	-0.05687542	-0.01773338	0.7372389
508	-0.0490285	-0.05730708	-0.01784973	0.738693
509	-0.05040033	-0.05677476	-0.01782602	0.7401471
510	-0.05226772	-0.05627218	-0.0174964	0.7416012
511	-0.05490723	-0.0560612	-0.01707892	0.7430553
512	-0.05616371	-0.05472706	-0.01631091	0.7445095
513	-0.0597711	-0.05452939	-0.01544615	0.7459636
514	-0.06087336	-0.05277697	-0.01425852	0.7474177
515	-0.06529266	-0.0524897	-0.01295563	0.7488718
516	-0.06760611	-0.05090145	-0.01133639	0.7503259
517	-0.07220428	-0.0502194	-0.009523551	0.75178
518	-0.07513183	-0.04863302	-0.007488177	0.7532342
519	-0.07955078	-0.04749659	-0.005169111	0.7546883
520	-0.08346586	-0.0460358	-0.002673713	0.7561424
521	-0.08739989	-0.04438758	0.000180231	0.7575966
522	-0.09172016	-0.04282161	0.003215976	0.7590507
523	-0.09501639	-0.04069971	0.006719303	0.7605048
524	-0.09934834	-0.03884746	0.0104745	0.7619589
525	-0.1024803	-0.03646528	0.01467475	0.763413
526	-0.1061445	-0.0341893	0.01918614	0.7648671
527	-0.1088217	-0.03161454	0.02412109	0.7663212
528	-0.1124693	-0.02918278	0.02938297	0.7677754
529	-0.1158881	-0.02665504	0.0348684	0.7692295
530	-0.1186657	-0.02387306	0.0406259	0.7706836
531	-0.1221126	-0.02120148	0.04633094	0.7721378
532	-0.124705	-0.01819438	0.05209668	0.7735919
533	-0.1282748	-0.0153288	0.05756104	0.775046
534	-0.130676	-0.01213057	0.06283692	0.7765001
535	-0.1345881	-0.009054674	0.06776055	0.7779542
536	-0.1368835	-0.005694543	0.07234444	0.7794083
537	-0.1408201	-0.002362717	0.07656283	0.7808625
538	-0.1433465	0.001121015	0.08049321	0.7823166
539	-0.1464493	0.00467618	0.08420692	0.7837707
540	-0.1493905	0.008252971	0.08770831	0.7852248
541	-0.1516819	0.01197328	0.09126554	0.7866789
542	-0.1553918	0.0156761	0.09469708	0.7881331
543	-0.1573263	0.0195277	0.09828155	0.7895872
544	-0.1606698	0.02343263	0.1018285	0.7910413
545	-0.1626273	0.0274359	0.105504	0.7924954
546	-0.1657347	0.031545	0.1091418	0.7939495
547	-0.1674268	0.0356582	0.1127849	0.7954037
548	-0.1707098	0.04002836	0.116298	0.7968578
549	-0.1738843	0.04447193	0.1195502	0.7983119
550	-0.1778974	0.049193	0.1225628	0.799766
551	-0.1822181	0.05395277	0.1250725	0.8012201
552	-0.1865306	0.0588546	0.1272559	0.8026742
553	-0.1924283	0.06415676	0.1285651	0.8041284
554	-0.1971074	0.06947547	0.129797	0.8055825
555	-0.2042691	0.07560121	0.1305166	0.8070366
556	-0.2107613	0.08187456	0.1309242	0.8084908
557	-0.2185052	0.08873845	0.1309193	0.8099449
558	-0.225594	0.09570749	0.1306845	0.811399
559	-0.2339252	0.1032909	0.130196	0.8128531
560	-0.2413259	0.1107386	0.1294585	0.8143072
561	-0.2492316	0.1186367	0.1286698	0.8157613
562	-0.2562614	0.1262931	0.1276474	0.8172154
563	-0.2635581	0.1343326	0.1266915	0.8186696
564	-0.2702092	0.1422425	0.1255546	0.8201237
565	-0.2768662	0.1503121	0.1244443	0.8215778
566	-0.2829186	0.158217	0.1231734	0.823032
567	-0.2888869	0.166459	0.122083	0.8244861
568	-0.2958985	0.1758365	0.1211844	0.8259402
569	-0.3022172	0.1852511	0.1203653	0.8273943
570	-0.3088671	0.1950825	0.1195777	0.8288484
571	-0.3145407	0.2044868	0.118851	0.8303025
572	-0.3198611	0.2136166	0.1181022	0.8317567
573	-0.3231803	0.2216294	0.1173003	0.8332108
574	-0.3266131	0.2298853	0.11648	0.8346649
575	-0.329045	0.2375622	0.1154739	0.836119
576	-0.330256	0.2445901	0.1136271	0.8375732
577	-0.3306786	0.2512022	0.1109857	0.8390273
578	-0.3295745	0.2568061	0.1076094	0.8404814
579	-0.3279926	0.2621956	0.1035183	0.8419355
580	-0.3251349	0.2665039	0.0989008	0.8433896
581	-0.3210007	0.2701605	0.09388474	0.8448437
582	-0.3167837	0.2736015	0.08824976	0.8462979
583	-0.3120206	0.2766024	0.08259034	0.847752
584	-0.3046919	0.2769932	0.07706261	0.8492061
585	-0.2971954	0.2772048	0.07207086	0.8506602
586	-0.2884011	0.2761987	0.06760547	0.8521143
587	-0.2785286	0.2738424	0.06354017	0.8535684
588	-0.2679202	0.2706015	0.05995419	0.8550226
589	-0.2563087	0.2662869	0.05676286	0.8564767
590	-0.2444463	0.2616624	0.05411314	0.8579308
591	-0.2315902	0.2550411	0.05140949	0.859385
592	-0.2201024	0.2494306	0.04901591	0.8608391
593	-0.2073047	0.241229	0.04648652	0.8622932
594	-0.1955886	0.2334706	0.04398985	0.8637473
595	-0.1830014	0.2233298	0.04119691	0.8652014
596	-0.1718265	0.2149238	0.03856421	0.8666555
597	-0.1598997	0.203806	0.03533807	0.8681096
598	-0.1488423	0.1950914	0.0324464	0.8695638
599	-0.1383053	0.1860065	0.02909268	0.8710179
600	-0.1284754	0.1787276	0.02579689	0.872472
601	-0.1192382	0.1722186	0.02237072	0.8739262
602	-0.1105853	0.1669324	0.01892834	0.8753803
603	-0.1024987	0.1628923	0.01564395	0.8768344
604	-0.09448514	0.1593407	0.01236593	0.8782885
605	-0.08740547	0.1581649	0.009449085	0.8797426
606	-0.07987721	0.1566231	0.006830367	0.8811967
607	-0.07331316	0.1580595	0.004708389	0.8826509
608	-0.0656488	0.1578046	0.00288782	0.884105
609	-0.05862193	0.1590466	0.001378253	0.8855591
610	-0.05173614	0.1603192	5.70E-05	0.8870132
611	-0.04534738	0.1622998	-0.001257728	0.8884674
612	-0.03885504	0.1639621	-0.002284422	0.8899215
613	-0.03231534	0.1654084	-0.003256157	0.8913756
614	-0.02597727	0.1676106	-0.003973301	0.8928297
615	-0.01988798	0.1705206	-0.004652935	0.8942838
616	-0.01377081	0.1731458	-0.005104033	0.8957379
617	-0.007783719	0.1760887	-0.005443847	0.8971921
618	-0.001982279	0.1789674	-0.005682191	0.8986462
619	0.003629875	0.1831873	-0.005804092	0.9001003
620	0.00918292	0.1866208	-0.005940121	0.9015544
621	0.0145821	0.1911658	-0.006021215	0.9030085
622	0.02012826	0.194011	-0.006175312	0.9044626
623	0.02549632	0.1983084	-0.006208258	0.9059168
624	0.03081907	0.2019239	-0.006246545	0.9073709
625	0.03605679	0.2072077	-0.006136299	0.908825
626	0.04147307	0.211031	-0.005949033	0.9102792
627	0.046854	0.2167567	-0.0055378	0.9117333
628	0.05248539	0.2217085	-0.005011066	0.9131874
629	0.05826858	0.2272486	-0.004267285	0.9146415
630	0.06446618	0.2336236	-0.003225659	0.9160956
631	0.07096501	0.2405627	-0.001949228	0.9175497
632	0.07810904	0.2489047	-0.00032389	0.9190038
633	0.0857622	0.2563588	0.001512376	0.920458
634	0.09426073	0.2649037	0.003842236	0.9219121
635	0.103395	0.2736796	0.006398863	0.9233662
636	0.1134409	0.2840001	0.009394504	0.9248204
637	0.1240231	0.2923017	0.01259757	0.9262745
638	0.1353156	0.3015568	0.01612009	0.9277286
639	0.1469367	0.3094441	0.01978531	0.9291827
640	0.1587028	0.3164718	0.02356445	0.9306368
641	0.1704865	0.3227016	0.02735969	0.9320909
642	0.1820677	0.3283329	0.03104128	0.9335451
643	0.1932444	0.3327013	0.03466611	0.9349992
644	0.2037508	0.3357024	0.03800644	0.9364533
645	0.2135825	0.337373	0.04125002	0.9379074
646	0.2229276	0.3389379	0.04420149	0.9393616
647	0.2314702	0.3390064	0.04695133	0.9408157
648	0.2396107	0.3387671	0.04973282	0.9422698
649	0.2470325	0.337197	0.05245189	0.9437239
650	0.2544141	0.3359902	0.0550842	0.945178
651	0.261257	0.3337817	0.05770367	0.9466321
652	0.2684031	0.3323481	0.06042206	0.9480863
653	0.2750544	0.3297661	0.06313586	0.9495404
654	0.2819698	0.3277045	0.06593321	0.9509945
655	0.2885383	0.3247342	0.06878014	0.9524486
656	0.2954451	0.3224589	0.07167473	0.9539027
657	0.3024499	0.3201987	0.07451922	0.9553568
658	0.3090645	0.3170697	0.07744245	0.956811
659	0.3160573	0.3144076	0.080336	0.9582651
660	0.3225427	0.3107037	0.0831676	0.9597192
661	0.3294645	0.3073249	0.08607482	0.9611734
662	0.3358723	0.3028127	0.08898366	0.9626275
663	0.3435335	0.299712	0.09193563	0.9640816
664	0.3500171	0.2942292	0.09494461	0.9655357
665	0.3582945	0.2908745	0.09806832	0.9669898
666	0.3656668	0.2855399	0.101224	0.9684439
667	0.374338	0.2814015	0.1045267	0.969898
668	0.3822381	0.2757866	0.1077914	0.9713522
669	0.3911529	0.2713737	0.1109952	0.9728063
670	0.3990413	0.2655862	0.1141207	0.9742604
671	0.4073285	0.2606505	0.1170262	0.9757146
672	0.4144534	0.2546358	0.1196992	0.9771687
673	0.4205377	0.2482311	0.1220084	0.9786228
674	0.4258086	0.2417396	0.123909	0.9800769
675	0.428828	0.2339425	0.1253468	0.981531
676	0.4314708	0.2266407	0.1264088	0.9829851
677	0.4319239	0.2181798	0.1270832	0.9844393
678	0.4327259	0.2109059	0.1274739	0.9858934
679	0.43104	0.2017434	0.1276892	0.9873475
680	0.4313839	0.1947145	0.1278172	0.9888016
681	0.429784	0.1860303	0.127872	0.9902558
682	0.4301832	0.1790189	0.1278075	0.9917099
683	0.4301185	0.1712975	0.1277575	0.993164
684	0.4318061	0.1646046	0.1276445	0.9946181
685	0.4336138	0.1573951	0.1276116	0.9960722
686	0.4370607	0.1508034	0.1275636	0.9975263
687	0.4411477	0.1439262	0.1275106	0.9989805
688	0.4463672	0.1370736	0.1275292	1.000435
689	0.4531423	0.1304331	0.127589	1.001889
690	0.45924	0.1226005	0.1277869	1.003343
691	0.4685976	0.116024	0.1280542	1.004797
692	0.4760124	0.107705	0.1283541	1.006251
693	0.4859141	0.100445	0.1284761	1.007705
694	0.492965	0.09152833	0.1284419	1.009159
695	0.5021605	0.08394592	0.1281143	1.010613
696	0.5069686	0.0747499	0.127404	1.012068
697	0.5118002	0.06645413	0.1261556	1.013522
698	0.5135376	0.05784637	0.1243895	1.014976
699	0.5124911	0.04921418	0.122075	1.01643
700	0.5107486	0.0414373	0.1192408	1.017884
701	0.5058134	0.03337334	0.1162973	1.019338
702	0.5008383	0.02689147	0.1120987	1.020792
703	0.4933318	0.01942418	0.10753	1.022246
704	0.4877572	0.0130541	0.102397	1.0237
705	0.4790521	0.006102391	0.09686028	1.025155
706	4.73E-01	8.07E-05	0.09085605	1.026609
707	0.4643754	-0.00625151	0.08467245	1.028063
708	0.4575625	-0.01215797	0.07840064	1.029517
709	0.4500878	-0.01803228	0.07222992	1.030971
710	0.443086	-0.02378024	0.06629335	1.032425
711	0.4369329	-0.02922905	0.06048723	1.033879
712	0.4299871	-0.03485705	0.05498505	1.035334
713	0.4254313	-0.04006644	0.0497242	1.036788
714	0.4193406	-0.0457487	0.04488387	1.038242
715	0.415712	-0.05107671	0.04041548	1.039696
716	0.4102933	-0.05652664	0.0365051	1.04115
717	0.4065813	-0.06178408	0.03283759	1.042604
718	0.4011359	-0.06696504	0.02957858	1.044058
719	0.3952802	-0.07192087	0.0267828	1.045512
720	0.3886018	-0.07633676	0.02414591	1.046966
721	0.3793644	-0.08020499	0.02165259	1.048421
722	0.3707792	-0.08322812	0.01915479	1.049875
723	0.3572369	-0.08544068	0.01674305	1.051329
724	0.3449839	-0.0867293	0.01440019	1.052783
725	0.3289612	-0.08706197	0.01212185	1.054237
726	0.312756	-0.08642153	0.009771623	1.055691
727	0.295179	-0.08483998	0.007468498	1.057145
728	0.2758172	-0.08224903	0.005119551	1.058599
729	0.2579108	-0.07905231	0.002867217	1.060053
730	0.2367017	-0.07473932	0.000680535	1.061508
731	0.2197768	-0.07048707	-0.001321559	1.062962
732	0.1977739	-0.06472732	-0.003143041	1.064416
733	0.1808658	-0.05938933	-0.004717711	1.06587
734	0.1592566	-0.05241404	-0.006123242	1.067324
735	0.1419895	-0.04590375	-0.007352673	1.068778
736	0.121837	-0.03816114	-0.008395247	1.070232
737	0.1043648	-0.03057133	-0.009269807	1.071687
738	0.0858231	-0.02206978	-0.01001068	1.073141
739	0.06717408	-0.01299341	-0.01065524	1.074595
740	0.05117567	-0.004199015	-0.01123	1.076049
741	0.03129656	0.006414272	-0.01166069	1.077503
742	0.01728462	0.0153622	-0.01196035	1.078957
743	-0.002450715	0.02700663	-0.01212456	1.080411
744	-0.01578049	0.03650717	-0.01212311	1.081865
745	-0.03388212	0.0484845	-0.01195852	1.083319
746	-0.04705434	0.05862007	-0.01159732	1.084774
747	-0.06322744	0.07064223	-0.01108581	1.086228
748	-0.0765913	0.08169737	-0.01035635	1.087682
749	-0.09047732	0.09347114	-0.009431832	1.089136
750	-0.1043296	0.1056008	-0.008233932	1.09059
751	-0.1154122	0.1165917	-0.006814799	1.092044
752	-0.1287607	0.1291902	-0.005083105	1.093498
753	-0.1388095	0.1402371	-0.003152531	1.094952
754	-0.1506891	0.1527445	-0.000923236	1.096406
755	-0.1598629	0.1638351	0.001492178	1.097861
756	-0.1700226	0.1758492	0.004179296	1.099315
757	-0.1788106	0.1871835	0.00699872	1.100769
758	-0.186499	0.1980429	0.009942171	1.102223
759	-0.1952223	0.2098967	0.01295301	1.103677
760	-0.2004791	0.2192149	0.01602646	1.105131
761	-0.2091101	0.2317736	0.01900895	1.106585
762	-0.2126651	0.2401525	0.02200612	1.108039
763	-0.2191208	0.2511917	0.02501424	1.109494
764	-0.2223558	0.2596515	0.02791483	1.110948
765	-0.2271539	0.2696752	0.03085757	1.112402
766	-0.2302143	0.2783	0.0337374	1.113856
767	-0.2324301	0.2861631	0.03670064	1.11531
768	-0.235717	0.2954522	0.03961338	1.116764
769	-0.2355723	0.301102	0.04263354	1.118218
770	-0.2390623	0.3108134	0.04573681	1.119672
771	-0.2369889	0.3143643	0.04885516	1.121127
772	-0.2399726	0.3238018	0.05209326	1.122581
773	-0.2371678	0.3263786	0.05526381	1.124035
774	-0.239153	0.3349665	0.05848831	1.125489
775	-0.2365023	0.3374664	0.06168414	1.126943
776	-0.2367865	0.3440144	0.06486318	1.128397
777	-0.234659	0.3471231	0.06806538	1.129851
778	-0.2331572	0.3510944	0.07130168	1.131305
779	-0.2317438	0.3552124	0.07459948	1.132759
780	-0.2284261	0.3562461	0.07802497	1.134214
781	-0.2279209	0.3616734	0.08166762	1.135668
782	-0.2233904	0.3602937	0.08538987	1.137122
783	-0.2228632	0.3660056	0.08923007	1.138576
784	-0.2180644	0.363708	0.09317096	1.14003
785	-0.2166954	0.368123	0.09723817	1.141484
786	-0.2121806	0.3662183	0.1013223	1.142938
787	-0.2097581	0.3687179	0.1054572	1.144392
788	-0.2056479	0.3674222	0.1094947	1.145847
789	-0.2019601	0.3669831	0.1133556	1.147301
790	-0.1985333	0.3670642	0.1169631	1.148755
791	-0.1938222	0.3636792	0.1202	1.150209
792	-0.190809	0.3645808	0.1230913	1.151663
793	-0.1855348	0.3589003	0.1253602	1.153117
794	-0.1824263	0.3595728	0.1271836	1.154571
795	-0.1772972	0.353635	0.1284631	1.156025
796	-0.1739431	0.3535866	0.1293824	1.15748
797	-0.1691373	0.348031	0.1299713	1.158934
798	-0.1652841	0.3463979	0.1303008	1.160388
799	-0.160855	0.3421534	0.1305153	1.161842
800	-0.1563046	0.3373549	0.1305274	1.163296
801	-0.1522559	0.3348696	0.1305117	1.16475
802	-0.1473194	0.3273956	0.130415	1.166204
803	-0.1434359	0.3261504	0.1303037	1.167658
804	-0.1385284	0.318005	0.130082	1.169113
805	-0.1345235	0.31684	0.1298285	1.170567
806	-0.1298788	0.3096472	0.1294911	1.172021
807	-0.1256991	0.3081976	0.1290549	1.173475
808	-0.1211708	0.3028145	0.128608	1.174929
809	-0.1166074	0.2998852	0.1281397	1.176383
810	-0.1119528	0.2967557	0.1277744	1.177837
811	-0.1070295	0.2918035	0.1273288	1.179291
812	-0.1020086	0.290035	0.1269993	1.180745
813	-0.09682236	0.2842711	0.1265077	1.1822
814	-0.09074094	0.283826	0.1256915	1.183654
815	-0.08619638	0.2770463	0.1253748	1.185108
816	-0.07866675	0.2797981	0.1237831	1.186562
817	-0.07047224	0.2781521	0.1213474	1.188016
818	-0.0604707	0.2808617	0.1178902	1.18947
819	-0.04952328	0.2815541	0.1134921	1.190924
820	-0.03749476	0.28214	0.1081182	1.192378
821	-0.02540126	0.2823858	0.102478	1.193833
822	-0.01550014	0.2754345	0.09697969	1.195287
823	-0.007176594	0.2695543	0.09220125	1.196741
824	-0.001670025	0.2560927	0.08782396	1.198195
825	0.003940314	0.2478324	0.08388691	1.199649
826	0.007849112	0.2352741	0.08006307	1.201103
827	0.01234099	0.2278742	0.07640116	1.202557
828	0.01512304	0.2173944	0.0727312	1.204011
829	0.01816424	0.2101696	0.06928966	1.205466
830	0.02057162	0.2030465	0.0660999	1.20692
831	0.02212011	0.1946637	0.06298464	1.208374
832	0.02511083	0.1907663	0.05997442	1.209828
833	0.02604652	0.1819514	0.05704077	1.211282
834	0.02905496	0.1785605	0.05426855	1.212736
835	0.02995505	0.16923	0.05153679	1.21419
836	0.03208157	0.1636476	0.04906892	1.215644
837	0.03131602	0.1520929	0.04673886	1.217098
838	0.03092692	0.141947	0.04464649	1.218553
839	0.02862826	0.1289516	0.04277779	1.220007
840	0.02633108	0.1167686	0.04095023	1.221461
841	0.02400607	0.1055722	0.03934201	1.222915
842	0.02158873	0.09464679	0.03757597	1.224369
843	0.02023178	0.0859283	0.03576627	1.225823
844	0.01755958	0.07519422	0.03370998	1.227277
845	0.01626847	0.06679169	0.03149807	1.228731
846	0.01413702	0.05730623	0.02898086	1.230186
847	0.01239987	0.04853895	0.02621865	1.23164
848	0.01013213	0.03941502	0.02327205	1.233094
849	0.007445116	0.0300448	0.02025924	1.234548
850	0.005412168	0.02199883	0.01731018	1.236002
851	0.00175531	0.01219191	0.01425926	1.237456
852	-0.000274493	0.004895822	0.01129616	1.23891
853	-0.004310417	-0.004382186	0.008246994	1.240364
854	-0.006631972	-0.01104945	0.00540895	1.241819
855	-0.0104268	-0.01883652	0.002538816	1.243273
856	-0.0135059	-0.02520903	-9.34E-05	1.244727
857	-0.01668751	-0.03112021	-0.002632345	1.246181
858	-0.02006372	-0.03654574	-0.004839983	1.247635
859	-0.02225032	-0.04026672	-0.006851184	1.249089
860	-0.02597921	-0.04485238	-0.008701417	1.250543
861	-0.02704562	-0.04651266	-0.0102465	1.251997
862	-0.03108132	-0.05018994	-0.01163288	1.253451
863	-0.03079117	-0.04983599	-0.01266881	1.254906
864	-0.0343366	-0.05220733	-0.0135094	1.25636
865	-0.03455736	-0.05177779	-0.01391855	1.257814
866	-0.03757241	-0.05306375	-0.01399584	1.259268
867	-0.03841133	-0.05254014	-0.01360262	1.260722
868	-0.04068829	-0.05273409	-0.01275039	1.262176
869	-0.04151894	-0.05175407	-0.01141965	1.26363
870	-0.04318774	-0.05108625	-0.00959712	1.265084
871	-0.04549494	-0.05058241	-0.007340395	1.266539
872	-0.04681214	-0.04923104	-0.004577002	1.267993
873	-0.04976251	-0.0486819	-0.001550354	1.269447
874	-0.05127903	-0.04706655	0.001915192	1.270901
875	-0.05515448	-0.04653277	0.005486329	1.272355
876	-0.05725218	-0.04491493	0.009230947	1.273809
877	-0.06208699	-0.04445226	0.01295103	1.275263
878	-0.06504563	-0.04298984	0.01664277	1.276717
879	-0.0695952	-0.0420488	0.02017326	1.278172
880	-0.07329094	-0.04063927	0.02350695	1.279626
881	-0.07757287	-0.03924017	0.02670665	1.28108
882	-0.08270466	-0.03806837	0.02966039	1.282534
883	-0.08643804	-0.0362094	0.03254708	1.283988
884	-0.09118462	-0.03462624	0.03520228	1.285442
885	-0.09511873	-0.03261186	0.03792105	1.286896
886	-0.1000722	-0.03082642	0.04045806	1.28835
887	-0.1037412	-0.02858256	0.04303768	1.289804
888	-0.108447	-0.02648263	0.04561365	1.291259
889	-0.1122426	-0.02408572	0.04824493	1.292713
890	-0.1164218	-0.02159322	0.05094002	1.294167
891	-0.1207915	-0.01907236	0.05368393	1.295621
892	-0.124277	-0.01617866	0.0565582	1.297075
893	-0.1286665	-0.01338258	0.05940202	1.298529
894	-0.1319687	-0.01021561	0.06236684	1.299983
895	-0.1365442	-0.007133891	0.06530042	1.301437
896	-0.1393271	-0.003723913	0.06831907	1.302891
897	-0.143724	-0.000385661	0.07125283	1.304346
898	-0.1463508	0.003136287	0.07423506	1.3058
899	-0.1505247	0.006694583	0.0772578	1.307254
900	-0.1532464	0.01031803	0.08024035	1.308708
901	-0.1566455	0.01406966	0.08334018	1.310162
902	-0.1596625	0.01781739	0.08639181	1.311616
903	-0.1628721	0.02176543	0.0896353	1.31307
904	-0.1659011	0.02567187	0.09284907	1.314525
905	-0.16851	0.02978262	0.09629845	1.315979
906	-0.1723043	0.03401181	0.0997562	1.317433
907	-0.1750434	0.03833131	0.1034021	1.318887
908	-0.1796766	0.04299873	0.1070545	1.320341
909	-0.182515	0.0475285	0.1106161	1.321795
910	-0.1880375	0.05261337	0.1141225	1.323249
911	-0.1922299	0.05759684	0.1173574	1.324703
912	-0.1985051	0.06312834	0.120398	1.326157
913	-0.2035699	0.0683183	0.1228796	1.327612
914	-0.2095258	0.07389011	0.1247286	1.329066
915	-0.2155472	0.07955628	0.1263044	1.33052
916	-0.2216974	0.08557379	0.1275475	1.331974
917	-0.2287966	0.09207229	0.1283163	1.333428
918	-0.2342321	0.09832197	0.12871	1.334882
919	-0.2417184	0.105433	0.1287807	1.336336
920	-0.2475924	0.1121717	0.1285111	1.33779
921	-0.2547646	0.119663	0.1281129	1.339245
922	-0.260245	0.1266937	0.1274596	1.340699
923	-0.2679276	0.1349418	0.1268549	1.342153
924	-0.2740383	0.1426803	0.1259916	1.343607
925	-0.2806417	0.1507979	0.1251073	1.345061
926	-0.2866848	0.1587133	0.1239688	1.346515
927	-0.2915295	0.1661053	0.1227893	1.347969
928	-0.2957787	0.1733815	0.1215304	1.349423
929	-0.2985362	0.1797137	0.1201944	1.350878
930	-0.301472	0.1863552	0.1188991	1.352332
931	-0.302213	0.1917522	0.1175963	1.353786
932	-0.3031062	0.1973623	0.1165385	1.35524
933	-0.3014894	0.2014224	0.1154865	1.356694
934	-0.3012705	0.2064885	0.1146224	1.358148
935	-0.2984668	0.2096115	0.1136813	1.359602
936	-0.2968336	0.2135042	0.1123191	1.361056
937	-0.2923454	0.2153041	0.1103152	1.36251
938	-0.2882043	0.2173045	0.1078121	1.363965
939	-0.2823317	0.2178784	0.1044906	1.365419
940	-0.2758185	0.2178861	0.1009019	1.366873
941	-0.2689432	0.2176138	0.09677635	1.368327
942	-0.2608392	0.2161018	0.09204644	1.369781
943	-0.2526554	0.2145566	0.08695061	1.371235
944	-0.2423882	0.2109552	0.08184182	1.372689
945	-0.2335285	0.2087847	0.077156	1.374143
946	-0.2221859	0.2037012	0.07266712	1.375598
947	-0.2131087	0.200264	0.06856445	1.377052
948	-0.2025269	0.1945357	0.06460232	1.378506
949	-0.1933078	0.189662	0.06085915	1.37996
950	-0.1827626	0.1826878	0.05730532	1.381414
951	-0.1733813	0.1766797	0.05407583	1.382868
952	-0.1635154	0.168798	0.05082063	1.384322
953	-0.1549862	0.1630881	0.04802836	1.385776
954	-0.1462973	0.1565765	0.04554881	1.387231
955	-0.138395	0.150935	0.04319172	1.388685
956	-0.1309624	0.1460795	0.04108626	1.390139
957	-0.1232069	0.1407116	0.03891192	1.391593
958	-0.1160531	0.1364489	0.036782	1.393047
959	-0.1085077	0.1318704	0.03448793	1.394501
960	-0.1016235	0.1287202	0.03202511	1.395955
961	-0.09401859	0.1246943	0.02932673	1.397409
962	-0.08678295	0.1218605	0.02650185	1.398863
963	-0.0793855	0.1189119	0.02354485	1.400318
964	-0.07281347	0.1175992	0.02036984	1.401772
965	-0.06588032	0.115444	0.01719175	1.403226
966	-0.05995923	0.1151545	0.01397592	1.40468
967	-0.05399593	0.1144046	0.0108801	1.406134
968	-0.04887832	0.1153175	0.007852434	1.407588
969	-0.04367254	0.1158801	0.005062765	1.409042
970	-0.03909327	0.1182611	0.002544669	1.410496
971	-0.03441306	0.1202538	0.000315756	1.411951
972	-0.03036456	0.1244125	-0.001648918	1.413405
973	-0.02604871	0.12767	-0.003393454	1.414859
974	-0.02230694	0.1331449	-0.004802276	1.416313
975	-0.01802746	0.1368503	-0.006148611	1.417767
976	-0.01420986	0.1428953	-0.007222861	1.419221
977	-0.009925642	0.1473996	-0.008253233	1.420675
978	-0.005965035	0.1535072	-0.009036488	1.422129
979	-0.001572163	0.1585727	-0.009697909	1.423584
980	0.002797602	0.1638158	-0.01018124	1.425038
981	0.007466529	0.1682879	-0.01047322	1.426492
982	0.01189449	0.1737752	-0.0106616	1.427946
983	0.01652238	0.1793568	-0.01073231	1.4294
984	0.02137402	0.183444	-0.01075203	1.430854
985	0.02611019	0.1899475	-0.01060486	1.432308
986	0.03122933	0.1945444	-0.01038677	1.433762
987	0.03642337	0.201203	-0.009917759	1.435216
988	0.04208408	0.2067114	-0.009277395	1.436671
989	0.04797558	0.2141772	-0.00836605	1.438125
990	0.05447323	0.2215156	-0.007177109	1.439579
991	0.06146614	0.229096	-0.00568029	1.441033
992	0.06916858	0.2383153	-0.003801411	1.442487
993	0.07748868	0.2467461	-0.001677811	1.443941
994	0.08668862	0.2563404	0.000902936	1.445395
995	0.09649262	0.2657886	0.003716613	1.446849
996	0.1071131	0.2760449	0.006959423	1.448304
997	0.1181943	0.2853267	0.01034191	1.449758
998	0.129705	0.2945158	0.01397577	1.451212
999	0.1414625	0.3033121	0.01762481	1.452666
1000	0.1530816	0.3107716	0.02133088	1.45412
1001	0.1645432	0.3173185	0.0249468	1.455574
1002	0.1755712	0.3228157	0.02841647	1.457028
1003	0.1861451	0.3269908	0.03174686	1.458482
1004	0.1960494	0.3298279	0.03486183	1.459936
1005	0.20563	0.3324085	0.0378381	1.461391
1006	0.2143581	0.3330276	0.04062073	1.462845
1007	0.2228884	0.3337379	0.04333901	1.464299
1008	0.2309556	0.3334793	0.04587255	1.465753
1009	0.2388318	0.3331083	0.0485811	1.467207
1010	0.2464077	0.3318616	0.05122887	1.468661
1011	0.2539622	0.3308325	0.05392426	1.470115
1012	0.2613694	0.3292242	0.05662871	1.471569
1013	0.2687699	0.3276622	0.05943132	1.473024
1014	0.2762083	0.32599	0.06227163	1.474478
1015	0.2834958	0.324015	0.06513552	1.475932
1016	0.2906078	0.3216017	0.06807853	1.477386
1017	0.2977431	0.3191727	0.0709773	1.47884
1018	0.3045979	0.3163095	0.07385635	1.480294
1019	0.3113516	0.3131814	0.07673404	1.481748
1020	0.3176813	0.3094131	0.07953285	1.483202
1021	0.3241133	0.3056462	0.08226275	1.484657
1022	0.3300844	0.3011821	0.0849788	1.486111
1023	0.3365891	0.2972329	0.08767945	1.487565
1024	0.3421759	0.2917521	0.09028351	1.489019
1025	0.3489408	0.2876599	0.09300228	1.490473
1026	0.3551917	0.2822833	0.09576232	1.491927
1027	0.3627627	0.2781454	0.09865301	1.493381
1028	0.3699217	0.272906	0.1015917	1.494835
1029	0.3780845	0.2685648	0.1045805	1.496289
1030	0.3858623	0.2631626	0.1076124	1.497744
1031	0.39451	0.2586547	0.1106188	1.499198
1032	0.4027131	0.2533478	0.1135346	1.500652
1033	0.4105915	0.2478797	0.1162108	1.502106
1034	0.4182503	0.242339	0.118635	1.50356
1035	0.4241582	0.2356693	0.1206302	1.505014
1036	0.4295894	0.2291367	0.1222796	1.506468
1037	0.4328232	0.2213795	0.1235908	1.507923
1038	0.435545	0.2142274	0.1245311	1.509377
1039	0.4357764	0.2055881	0.1251014	1.510831
1040	0.4366248	0.198254	0.1253489	1.512285
1041	0.4349941	0.1893012	0.1253572	1.513739
1042	0.4352722	0.1823818	0.1250987	1.515193
1043	0.4330752	0.1735284	0.1247538	1.516647
1044	0.4333837	0.1666875	0.1242537	1.518101
1045	0.4325837	0.158664	0.1238008	1.519555
1046	0.4341718	0.1520116	0.1233333	1.52101
1047	0.4359709	0.1449008	0.1229174	1.522464
1048	0.4389738	0.1379942	0.1225715	1.523918
1049	0.4435116	0.1313488	0.122338	1.525372
1050	0.4484172	0.1241883	0.1222092	1.526826
1051	0.4558371	0.1177581	0.1222121	1.52828
1052	0.4619919	0.1098722	0.1222672	1.529734
1053	0.4708515	0.1029347	0.1222385	1.531188
1054	0.4780364	0.09460104	0.1221788	1.532642
1055	0.4870225	0.08701469	0.121878	1.534097
1056	0.4935513	0.07825523	0.1215566	1.535551
1057	0.5006337	0.07018012	0.1208987	1.537005
1058	0.5043463	0.06127229	0.1199464	1.538459
1059	0.5072188	0.05297806	0.11859	1.539913
1060	0.5067797	0.04443009	0.1168002	1.541367
1061	0.5044529	0.03627527	0.1145982	1.542821
1062	0.5006168	0.02935622	0.111601	1.544276
1063	0.494486	0.02177254	0.1077507	1.54573
1064	0.4887007	0.01502789	0.103065	1.547184
1065	0.4804884	0.008116674	0.09771279	1.548638
1066	0.473484	0.001967824	0.09171844	1.550092
1067	0.4652381	-0.004228536	0.08528824	1.551546
1068	0.4582052	-0.009992166	0.07860564	1.553
1069	0.4500373	-0.01585905	0.07211374	1.554454
1070	0.4427526	-0.02149864	0.06577744	1.555908
1071	0.4360255	-0.0269374	0.05977035	1.557363
1072	0.4283741	-0.03256668	0.05416164	1.558817
1073	0.4230074	-0.03778006	0.04884811	1.560271
1074	0.4161341	-0.04346342	0.04404798	1.561725
1075	0.4117657	-0.04875329	0.03970663	1.563179
1076	0.405542	-0.05419508	0.03587388	1.564633
1077	0.401116	-0.05942025	0.03252729	1.566087
1078	0.3955108	-0.0645851	0.02963255	1.567541
1079	0.3893918	-0.06955472	0.02716548	1.568995
1080	0.3833075	-0.07405467	0.0251066	1.57045
1081	0.3741319	-0.07805674	0.02334345	1.571904
1082	0.3659738	-0.08127668	0.02162074	1.573358
1083	0.3536584	-0.08373602	0.01999717	1.574812
1084	0.3422066	-0.08528739	0.01821317	1.576266
1085	0.3264119	-0.08585295	0.01637761	1.57772
1086	0.3117577	-0.08553866	0.01430034	1.579174
1087	0.2938582	-0.08414286	0.01199721	1.580629
1088	0.2760688	-0.08190222	0.009610661	1.582083
1089	0.2573795	-0.07876051	0.00712955	1.583537
1090	0.2371493	-0.07468528	0.00467105	1.584991
1091	0.2198003	-0.07046998	0.002395648	1.586445
1092	0.1982881	-0.06488578	0.000283879	1.587899
1093	0.1815009	-0.05965954	-0.001622368	1.589353
1094	0.1598625	-0.05276033	-0.003355434	1.590807
1095	0.1433002	-0.04650426	-0.004867768	1.592261
1096	0.1223904	-0.03867062	-0.006169947	1.593716
1097	0.1056548	-0.0313783	-0.007289953	1.59517
1098	0.08651818	-0.02279936	-0.008231665	1.596624
1099	0.06883763	-0.01412921	-0.009008451	1.598078
1100	0.05177025	-0.005068296	-0.009615215	1.599532
1101	0.03309053	0.005040223	-0.01008386	1.600986
1102	0.01849939	0.01412694	-0.01042375	1.60244
1103	-0.000663624	0.02544153	-0.01064553	1.603894
1104	-0.01411169	0.0349386	-0.01076236	1.605348
1105	-0.03240456	0.04690907	-0.01072633	1.606803
1106	-0.04534306	0.05688299	-0.01051576	1.608257
1107	-0.06191144	0.06900704	-0.01016559	1.609711
1108	-0.07456035	0.07962979	-0.009685215	1.611165
1109	-0.08887087	0.09153808	-0.009088107	1.612619
1110	-0.101655	0.103	-0.008296192	1.614073
1111	-0.1133856	0.1142779	-0.007373761	1.615527
1112	-0.1263321	0.1265468	-0.006200028	1.616982
1113	-0.13585	0.1371816	-0.004860732	1.618436
1114	-0.1479056	0.149696	-0.003263349	1.61989
1115	-0.1564185	0.1602613	-0.001490821	1.621344
1116	-0.1667092	0.1722489	0.000581429	1.622798
1117	-0.1752762	0.1833363	0.002862794	1.624252
1118	-0.1832255	0.1942751	0.005392604	1.625706
1119	-0.1914454	0.20564	0.008124074	1.62716
1120	-0.1971347	0.2151916	0.01109913	1.628614
1121	-0.2057764	0.2276703	0.01409809	1.630069
1122	-0.2089474	0.235604	0.0172755	1.631523
1123	-0.2161649	0.2472325	0.02051226	1.632977
1124	-0.2189886	0.2552051	0.02371825	1.634431
1125	-0.2243034	0.2656654	0.02694405	1.635885
1126	-0.2268326	0.2736297	0.03009667	1.637339
1127	-0.229693	0.2821215	0.03323112	1.638793
1128	-0.2325186	0.2907684	0.03627909	1.640247
1129	-0.2331055	0.2972437	0.03929386	1.641702
1130	-0.2360215	0.3061929	0.04234828	1.643156
1131	-0.2340063	0.3096922	0.04538995	1.64461
1132	-0.2370774	0.3192856	0.04841931	1.646064
1133	-0.2340172	0.3214387	0.05145393	1.647518
1134	-0.2362968	0.3302968	0.05453775	1.648972
1135	-0.2331134	0.3321079	0.05756919	1.650426
1136	-0.2336404	0.3389072	0.06061094	1.65188
1137	-0.2311884	0.341481	0.06361049	1.653334
1138	-0.2300716	0.3459978	0.06660948	1.654789
1139	-0.2281256	0.3492421	0.0695756	1.656243
1140	-0.2253211	0.3510119	0.07258001	1.657697
1141	-0.2243413	0.3556502	0.0756456	1.659151
1142	-0.2199369	0.3544252	0.07872494	1.660605
1143	-0.2192026	0.3596369	0.0819645	1.662059
1144	-0.214471	0.3574613	0.0852841	1.663513
1145	-0.2131332	0.361811	0.08876541	1.664967
1146	-0.2081539	0.3588229	0.09231534	1.666422
1147	-0.2060631	0.36194	0.09593512	1.667876
1148	-0.2016194	0.3597516	0.09952416	1.66933
1149	-0.1983879	0.3602513	0.1031458	1.670784
1150	-0.1944028	0.3588043	0.1067517	1.672238
1151	-0.1902053	0.3566442	0.1102057	1.673692
1152	-0.1870577	0.3570039	0.1135076	1.675146
1153	-0.1819113	0.3515652	0.1164556	1.6766
1154	-0.1790952	0.353028	0.1190131	1.678055
1155	-0.1738189	0.3464907	0.1210667	1.679509
1156	-0.1706538	0.346948	0.1226826	1.680963
1157	-0.1656441	0.3404384	0.1237872	1.682417
1158	-0.1620254	0.3394901	0.1244443	1.683871
1159	-0.1573599	0.3338732	0.1247725	1.685325
1160	-0.1531277	0.3302679	0.1247625	1.686779
1161	-0.1489744	0.3267441	0.1245958	1.688233
1162	-0.1443169	0.3205062	0.1242001	1.689687
1163	-0.1404007	0.31841	0.1238047	1.691142
1164	-0.1356162	0.3106177	0.1233476	1.692596
1165	-0.1316632	0.3089997	0.1229589	1.69405
1166	-0.1271211	0.3019953	0.1224745	1.695504
1167	-0.123061	0.3004401	0.1220187	1.696958
1168	-0.1186138	0.2945276	0.1215897	1.698412
1169	-0.1142462	0.2923451	0.1211894	1.699866
1170	-0.1097151	0.2879084	0.1208746	1.70132
1171	-0.1049976	0.284022	0.1205199	1.702775
1172	-0.100163	0.2814614	0.1202592	1.704229
1173	-0.09518588	0.2756849	0.1198305	1.705683
1174	-0.08933374	0.2749042	0.1190492	1.707137
1175	-0.08502028	0.267971	0.118818	1.708591
1176	-0.07820096	0.2698983	0.1175812	1.710045
1177	-0.07064713	0.2676531	0.1156263	1.711499
1178	-0.06136109	0.2701286	0.1128798	1.712953
1179	-0.05121166	0.2702031	0.1093216	1.714408
1180	-0.03978972	0.2711385	0.1049365	1.715862
1181	-0.02808086	0.2717942	0.1001012	1.717316
1182	-0.01776188	0.266695	0.09514303	1.71877
1183	-0.009199165	0.261922	0.09073035	1.720224
1184	-0.003392495	0.2493014	0.08640284	1.721678
1185	0.002289489	0.2418535	0.08233403	1.723132
1186	0.006313379	0.2293387	0.07816344	1.724586
1187	0.01052819	0.2216716	0.07415316	1.72604
1188	0.01353908	0.2112454	0.07024426	1.727495
1189	0.01678476	0.2043839	0.0666633	1.728949
1190	0.01914592	0.1969937	0.06336953	1.730403
1191	0.02106884	0.1897402	0.0602432	1.731857
1192	0.02387725	0.1855321	0.05733857	1.733311
1193	0.02529593	0.1778431	0.05453352	1.734765
1194	0.02791497	0.1741419	0.05218226	1.736219
1195	0.02908155	0.1658968	0.04989923	1.737673
1196	0.03168876	0.1614995	0.04804262	1.739128
1197	0.03131521	0.1511679	0.04650992	1.740582
1198	0.03182127	0.1430606	0.04534196	1.742036
1199	0.02941551	0.129969	0.04437452	1.74349
1200	0.02777864	0.1191856	0.04339962	1.744944
1201	0.02498802	0.1071795	0.04239698	1.746398
1202	0.0225035	0.09649054	0.04109864	1.747852
1203	0.02090231	0.08775137	0.03959519	1.749306
1204	0.0183929	0.07771288	0.03769373	1.750761
1205	0.01675732	0.06934312	0.03563041	1.752215
1206	0.01459454	0.06018258	0.0332094	1.753669
1207	0.01290476	0.05198956	0.03065163	1.755123
1208	0.01061743	0.0431004	0.02790073	1.756577
1209	0.008326389	0.03459885	0.02513072	1.758031
1210	0.005864751	0.02622577	0.02236657	1.759485
1211	0.002629388	0.01722811	0.01953476	1.760939
1212	0.00034089	0.009807456	0.01679116	1.762393
1213	-0.00372748	0.000651815	0.01397208	1.763848
1214	-0.006022573	-0.005974841	0.0113434	1.765302
1215	-0.01003972	-0.01406911	0.008679608	1.766756
1216	-0.0130437	-0.0203711	0.006307875	1.76821
1217	-0.01683463	-0.02702829	0.004001205	1.769664
1218	-0.020382	-0.0328193	0.002020431	1.771118
1219	-0.02326583	-0.03738191	0.000175115	1.772572
1220	-0.02726636	-0.04240007	-0.001467658	1.774026
1221	-0.02906046	-0.04489623	-0.00288406	1.775481
1222	-0.03379928	-0.04944417	-0.004169384	1.776935
1223	-0.03468107	-0.05027677	-0.005162145	1.778389
1224	-0.03858256	-0.05307142	-0.005986368	1.779843
1225	-0.03906962	-0.05288662	-0.006433477	1.781297
1226	-0.04253497	-0.05459661	-0.006641502	1.782751
1227	-0.04308083	-0.0539396	-0.006476016	1.784205
1228	-0.04622453	-0.0548141	-0.005988359	1.785659
1229	-0.04742538	-0.05409623	-0.005095738	1.787114
1230	-0.049807	-0.05394458	-0.003892976	1.788568
1231	-0.05153028	-0.05316366	-0.002382704	1.790022
1232	-0.05306615	-0.05197297	-0.000465011	1.791476
1233	-0.05592413	-0.05139378	0.001636129	1.79293
1234	-0.05757165	-0.04985174	0.004139843	1.794384
1235	-0.06109027	-0.04914111	0.006764152	1.795838
1236	-0.0630251	-0.04740252	0.009651572	1.797292
1237	-0.06719039	-0.04657034	0.01257963	1.798746
1238	-0.06977288	-0.0448053	0.01565902	1.800201
1239	-0.07473361	-0.04391117	0.01866985	1.801655
1240	-0.07790345	-0.0421382	0.02163672	1.803109
1241	-0.08262621	-0.04079686	0.02455024	1.804563
1242	-0.0868372	-0.03916152	0.02731663	1.806017
1243	-0.09086255	-0.03727988	0.03008887	1.807471
1244	-0.09552555	-0.03555386	0.03267434	1.808925
1245	-0.09938289	-0.03340467	0.03536507	1.810379
1246	-0.1041242	-0.03146422	0.03788086	1.811834
1247	-0.1074308	-0.02905392	0.04043555	1.813288
1248	-0.1121006	-0.0268816	0.04294885	1.814742
1249	-0.1153868	-0.024321	0.04550533	1.816196
1250	-0.1196198	-0.0218203	0.0480686	1.81765
1251	-0.123433	-0.01917981	0.05068037	1.819104
1252	-0.1269559	-0.01630078	0.05336368	1.820558
1253	-0.1312072	-0.01348708	0.05604624	1.822012
1254	-0.1340264	-0.01024431	0.05886529	1.823467
1255	-0.138019	-0.007124697	0.06158537	1.824921
1256	-0.1406384	-0.003677802	0.06446956	1.826375
1257	-0.144819	-0.000302591	0.06729991	1.827829
1258	-0.1467672	0.003291358	0.07012629	1.829283
1259	-0.1508114	0.006858259	0.07298615	1.830737
1260	-0.1529065	0.0105123	0.07580563	1.832191
1261	-0.1563688	0.0142483	0.07865819	1.833645
1262	-0.1588274	0.01793937	0.08146711	1.835099
1263	-0.1615018	0.02177531	0.0843803	1.836554
1264	-0.1642193	0.02555454	0.08721824	1.838008
1265	-0.1664201	0.02947319	0.09025984	1.839462
1266	-0.1692178	0.03340987	0.09329356	1.840916
1267	-0.1710682	0.03738159	0.09651538	1.84237
1268	-0.1741383	0.04152677	0.09978494	1.843824
1269	-0.1762114	0.04565159	0.1031082	1.845278
1270	-0.1799804	0.05010504	0.1064182	1.846732
1271	-0.1826573	0.0544789	0.1096592	1.848187
1272	-0.1871688	0.05937368	0.1128328	1.849641
1273	-0.1911722	0.06421372	0.1156821	1.851095
1274	-0.1955668	0.06933125	0.1180087	1.852549
1275	-0.2004819	0.0746498	0.1201509	1.854003
1276	-0.2055478	0.08023085	0.1219478	1.855457
1277	-0.210854	0.08593201	0.1231965	1.856911
1278	-0.2155399	0.09159412	0.1240459	1.858365
1279	-0.2219432	0.09792208	0.1244158	1.85982
1280	-0.22611	0.1036161	0.1244076	1.861274
1281	-0.2324839	0.1102281	0.1241089	1.862728
1282	-0.2364167	0.1159746	0.1234639	1.864182
1283	-0.2418804	0.1224935	0.1227766	1.865636
1284	-0.2454541	0.1281865	0.1217727	1.86709
1285	-0.2501866	0.1345688	0.1208254	1.868544
1286	-0.2534781	0.1403443	0.1196737	1.869998
1287	-0.2567409	0.146102	0.1185188	1.871452
1288	-0.2589136	0.1514586	0.1173224	1.872907
1289	-0.2600721	0.1562958	0.1161676	1.874361
1290	-0.2611697	0.1612044	0.1150381	1.875815
1291	-0.260422	0.1649728	0.113885	1.877269
1292	-0.2601675	0.1690718	0.112926	1.878723
1293	-0.2572833	0.1714378	0.1119796	1.880177
1294	-0.2559552	0.1747881	0.1111836	1.881631
1295	-0.2512563	0.1756844	0.11034	1.883085
1296	-0.2489143	0.1782102	0.1095624	1.88454
1297	-0.2432058	0.1782245	0.1080144	1.885994
1298	-0.2392033	0.1793925	0.106026	1.887448
1299	-0.2328605	0.178728	0.1033554	1.888902
1300	-0.2268918	0.1782381	0.1000962	1.890356
1301	-0.2197555	0.1769034	0.09655983	1.89181
1302	-0.2121849	0.1750136	0.09243642	1.893264
1303	-0.2045965	0.1731176	0.08784314	1.894718
1304	-0.1966929	0.1703575	0.08280303	1.896173
1305	-0.1892947	0.1675548	0.07783116	1.897627
1306	-0.1806675	0.1628434	0.0729585	1.899081
1307	-0.1739471	0.159758	0.06846838	1.900535
1308	-0.1654438	0.1542647	0.06423212	1.901989
1309	-0.1581756	0.1496974	0.0603032	1.903443
1310	-0.1503048	0.144019	0.0565513	1.904897
1311	-0.1443509	0.1405969	0.05322934	1.906351
1312	-0.1372574	0.1354603	0.05018225	1.907805
1313	-0.1316139	0.1319228	0.04722245	1.90926
1314	-0.1250809	0.1273282	0.0447605	1.910714
1315	-0.1190731	0.1235967	0.04254936	1.912168
1316	-0.1120659	0.1194802	0.04088724	1.913622
1317	-0.10471	0.1153489	0.03931208	1.915076
1318	-0.09702155	0.1109942	0.03784112	1.91653
1319	-0.08912601	0.1068158	0.03632402	1.917984
1320	-0.0815234	0.1033784	0.03467619	1.919438
1321	-0.07438286	0.1007496	0.03270194	1.920893
1322	-0.06716724	0.09767886	0.03029311	1.922347
1323	-0.06119175	0.09678254	0.02767721	1.923801
1324	-0.0555205	0.09596881	0.02463237	1.925255
1325	-0.05057261	0.09647673	0.02151054	1.926709
1326	-0.04591842	0.09738119	0.0182024	1.928163
1327	-0.04167411	0.09924145	0.01506748	1.929617
1328	-0.03816733	0.1030997	0.0120241	1.931071
1329	-0.034251	0.10642	0.009220675	1.932526
1330	-0.03104819	0.111945	0.006599096	1.93398
1331	-0.02738761	0.1165837	0.004254905	1.935434
1332	-0.02398281	0.1227048	0.002197873	1.936888
1333	-0.02033545	0.1283139	0.00039555	1.938342
1334	-0.0169608	0.1358682	-0.00103825	1.939796
1335	-0.01288459	0.1413572	-0.002336965	1.94125
1336	-0.009195353	0.1490256	-0.00335662	1.942704
1337	-0.004838243	0.1545461	-0.004307824	1.944158
1338	-0.000802726	0.1620434	-0.004976183	1.945613
1339	0.003744357	0.1678248	-0.00562359	1.947067
1340	0.008270777	0.1739873	-0.006141028	1.948521
1341	0.01294365	0.1797948	-0.006490987	1.949975
1342	0.01770541	0.1850862	-0.006723796	1.951429
1343	0.02249471	0.1911843	-0.006816491	1.952883
1344	0.02745314	0.1962383	-0.006814521	1.954337
1345	0.03253168	0.2024621	-0.006617167	1.955791
1346	0.03785748	0.207888	-0.006343699	1.957246
1347	0.04342635	0.2141506	-0.005793541	1.9587
1348	0.04931795	0.2200084	-0.005120659	1.960154
1349	0.0555223	0.2270264	-0.004187132	1.961608
1350	0.06223581	0.2339645	-0.003052193	1.963062
1351	0.06933115	0.2415757	-0.001620201	1.964516
1352	0.07704969	0.2492223	0.000120007	1.96597
1353	0.0851879	0.2568559	0.002069932	1.967424
1354	0.09401256	0.2655859	0.004335467	1.968879
1355	0.103179	0.2736095	0.006799914	1.970333
1356	0.1129132	0.2819049	0.009569691	1.971787
1357	0.1228129	0.2891564	0.01241701	1.973241
1358	0.1330048	0.2965799	0.01545941	1.974695
1359	0.1431399	0.3026727	0.01845271	1.976149
1360	0.1531806	0.3081402	0.02151616	1.977603
1361	0.1630109	0.3126284	0.02451422	1.979057
1362	0.1726008	0.3166355	0.02745393	1.980512
1363	0.1819049	0.3197532	0.03033107	1.981966
1364	0.1906689	0.3214385	0.03305738	1.98342
1365	0.1992528	0.322882	0.03578007	1.984874
1366	0.2073257	0.3231578	0.03834205	1.986328
1367	0.2153413	0.3236452	0.0409383	1.987782
1368	0.2228999	0.322862	0.043324	1.989236
1369	0.2304594	0.3224018	0.04599707	1.99069
1370	0.2377026	0.3209639	0.04853402	1.992144
1371	0.2450243	0.3199787	0.05116921	1.993599
1372	0.2520886	0.31814	0.05382853	1.995053
1373	0.2590469	0.3162201	0.05649567	1.996507
1374	0.2661221	0.3143793	0.05924341	1.997961
1375	0.2730044	0.3122528	0.06202305	1.999415
1376	0.2798484	0.3099349	0.0648755	2.000869
1377	0.2864974	0.3072144	0.06766618	2.002323
1378	0.2929173	0.30411	0.07052255	2.003778
1379	0.2992309	0.3008019	0.07331908	2.005232
1380	0.3052305	0.2970532	0.07606451	2.006686
1381	0.3112393	0.2931929	0.0787949	2.00814
1382	0.3168693	0.2888166	0.08148059	2.009594
1383	0.3227117	0.284576	0.08409376	2.011048
1384	0.328069	0.2795478	0.08664639	2.012502
1385	0.334251	0.2753602	0.08929741	2.013956
1386	0.3400368	0.2702434	0.09193565	2.01541
1387	0.3470423	0.2662685	0.09471757	2.016865
1388	0.3535992	0.261178	0.0975207	2.018319
1389	0.3615564	0.2573771	0.100414	2.019773
1390	0.3688033	0.2520676	0.1033786	2.021227
1391	0.3775336	0.2482262	0.1063871	2.022681
1392	0.3856364	0.2431901	0.1093638	2.024135
1393	0.3942124	0.2386703	0.1122083	2.025589
1394	0.4020263	0.2332096	0.1148585	2.027043
1395	0.4096212	0.2279623	0.1171402	2.028497
1396	0.415669	0.2215636	0.1190904	2.029952
1397	0.4201627	0.2145976	0.1205718	2.031406
1398	0.4241787	0.2079938	0.1217316	2.03286
1399	0.4259316	0.2001444	0.1225113	2.034314
1400	0.4277101	0.1931618	0.1229697	2.035768
1401	0.4266179	0.184377	0.1231272	2.037222
1402	0.4274165	0.1777691	0.1230064	2.038676
1403	0.4253848	0.1691106	0.1227289	2.04013
1404	0.4256022	0.1624036	0.1222495	2.041584
1405	0.4242766	0.1543123	0.121793	2.043039
1406	0.4255295	0.1478805	0.1212986	2.044493
1407	0.4266567	0.1407849	0.1209076	2.045947
1408	0.4295032	0.1343202	0.1205657	2.047401
1409	0.4332636	0.1277195	0.1203336	2.048855
1410	0.4380369	0.121046	0.1201886	2.050309
1411	0.4448187	0.1147886	0.1200539	2.051763
1412	0.4506501	0.1072478	0.1200053	2.053217
1413	0.4595561	0.1008043	0.1200387	2.054672
1414	0.466572	0.09275606	0.120172	2.056126
1415	0.4758673	0.08557831	0.1202447	2.05758
1416	0.4822152	0.07683322	0.1202506	2.059034
1417	0.4897898	0.06892893	0.1199463	2.060488
1418	0.4945236	0.06025905	0.1193595	2.061942
1419	0.4985764	0.05210378	0.1183015	2.063396
1420	0.498947	0.04348846	0.116701	2.064851
1421	0.4979067	0.03541518	0.1146428	2.066305
1422	0.4947361	0.02837007	0.111736	2.067759
1423	0.489171	0.02072605	0.1079344	2.069213
1424	0.483957	0.01397534	0.103473	2.070667
1425	0.4760807	0.007076755	0.09820102	2.072121
1426	0.4691962	0.000975663	0.09229122	2.073575
1427	0.4608336	-0.005211763	0.08598708	2.075029
1428	0.4538635	-0.0108451	0.07933319	2.076483
1429	0.4453606	-0.01666672	0.07276186	2.077938
1430	0.4380616	-0.02216518	0.06641926	2.079392
1431	0.4307195	-0.02757327	0.06034018	2.080846
1432	0.4230729	-0.03304742	0.05461867	2.0823
1433	0.4173191	-0.03816644	0.04921279	2.083754
1434	0.4098792	-0.04373041	0.044339	2.085208
1435	0.4053543	-0.04889044	0.03993241	2.086662
1436	0.3991028	-0.05422379	0.03629191	2.088116
1437	0.3942333	-0.05933808	0.03319022	2.089571
1438	0.3885333	-0.06441401	0.03066095	2.091025
1439	0.3830813	-0.0692902	0.02867855	2.092479
1440	0.3769127	-0.07380927	0.02698311	2.093933
1441	0.368753	-0.07785108	0.02554282	2.095387
1442	0.3605331	-0.08116719	0.02410066	2.096841
1443	0.348821	-0.08374819	0.02258552	2.098295
1444	0.3383786	-0.08546723	0.02086344	2.099749
1445	0.3228644	-0.08616827	0.01896279	2.101203
1446	0.3087372	-0.08603089	0.01680743	2.102658
1447	0.2911713	-0.08477813	0.01447919	2.104112
1448	0.2741572	-0.08269471	0.0119894	2.105566
1449	0.2553543	-0.07963808	0.009526944	2.10702
1450	0.2359605	-0.07570056	0.007010023	2.108474
1451	0.2179704	-0.07140006	0.004627242	2.109928
1452	0.1969658	-0.06591288	0.002393993	2.111382
1453	0.1802581	-0.06067698	0.000361672	2.112836
1454	0.1585421	-0.05381373	-0.001438348	2.11429
1455	0.1424644	-0.04761633	-0.003045096	2.115745
1456	0.1210832	-0.03963763	-0.004413331	2.117199
1457	0.1047184	-0.03245312	-0.005551588	2.118653
1458	0.08520524	-0.02374524	-0.006505899	2.120107
1459	0.06809179	-0.01524087	-0.007269816	2.121561
1460	0.05039322	-0.005969132	-0.007861555	2.123015
1461	0.03258237	0.003884149	-0.008305276	2.124469
1462	0.01706057	0.01337302	-0.008595756	2.125923
1463	-0.0016462	0.02453237	-0.00876693	2.127378
1464	-0.01510952	0.03409971	-0.008861571	2.128832
1465	-0.03341077	0.0461333	-0.008839214	2.130286
1466	-0.04627498	0.05616245	-0.008684866	2.13174
1467	-0.06278274	0.06829998	-0.008372486	2.133194
1468	-0.07528834	0.07892862	-0.007963176	2.134648
1469	-0.09022278	0.09122992	-0.007436975	2.136102
1470	-0.1023916	0.1024376	-0.006752674	2.137557
1471	-0.1147788	0.1141552	-0.005945135	2.139011
1472	-0.1273269	0.1262948	-0.004924349	2.140465
1473	-0.1366718	0.1368901	-0.003760218	2.141919
1474	-0.1488177	0.1495385	-0.002357554	2.143373
1475	-0.1574076	0.1602727	-0.000811684	2.144827
1476	-0.1677011	0.1723687	0.001037441	2.146281
1477	-0.1758842	0.1832741	0.003076411	2.147735
1478	-0.1843635	0.1946983	0.005357547	2.149189
1479	-0.1922995	0.2059762	0.007831328	2.150644
1480	-0.1983504	0.2159494	0.01057013	2.152098
1481	-0.2064886	0.227993	0.01341246	2.153552
1482	-0.2100022	0.236422	0.01639717	2.155006
1483	-0.2174013	0.2483412	0.01950296	2.15646
