1	3.54128	0.1401247	0.09050237	0.00079333
2	3.640754	-0.09440073	0.1279022	0.00158666
3	5.455978	-0.2421937	0.1884884	0.00237999
4	3.613327	-0.2208621	0.1496281	0.00317332
5	3.579736	-0.2816637	0.1551951	0.00396665
6	3.560408	-0.3430808	0.1564794	0.00475998
7	3.541548	-0.404568	0.1549121	0.00555331
8	3.525552	-0.4662732	0.1518079	0.00634664
9	3.501891	-0.5269077	0.1482197	0.00713997
10	3.48627	-0.5888055	0.1446386	0.0079333
11	3.451202	-0.6474681	0.1413796	0.00872663
12	3.428715	-0.7081593	0.1386652	0.009519961
13	3.395981	-0.7669018	0.1367835	0.01031329
14	3.375405	-0.8282485	0.1359349	0.01110662
15	3.338026	-0.8856091	0.1354911	0.01189995
16	3.307043	-0.9443715	0.1359851	0.01269328
17	3.273396	-1.002574	0.1371027	0.01348661
18	3.236985	-1.059649	0.1388253	0.01427994
19	3.205746	-1.118585	0.141071	0.01507327
20	3.162343	-1.173187	0.1437861	0.0158666
21	3.134398	-1.233501	0.1470403	0.01665993
22	3.085407	-1.285765	0.1504066	0.01745326
23	3.053468	-1.344504	0.1543087	0.01824659
24	3.007989	-1.397652	0.1584171	0.01903992
25	2.970103	-1.453687	0.1627391	0.01983325
26	2.928526	-1.508377	0.1672008	0.02062658
27	2.884504	-1.561267	0.1718042	0.02141991
28	2.83849	-1.613341	0.176568	0.02221324
29	2.79063	-1.663807	0.181595	0.02300657
30	2.743641	-1.714893	0.1867139	0.0237999
31	2.695401	-1.764673	0.1920149	0.02459323
32	2.648565	-1.815178	0.1973242	0.02538656
33	2.594283	-1.860282	0.2024168	0.02617989
34	2.549578	-1.911031	0.2076078	0.02697322
35	2.499115	-1.957066	0.2123406	0.02776655
36	2.447444	-2.001254	0.2166355	0.02855988
37	2.393132	-2.042343	0.220451	0.02935321
38	2.337609	-2.080966	0.2236422	0.03014654
39	2.284545	-2.119589	0.2263027	0.03093987
40	2.229458	-2.154888	0.2283556	0.0317332
41	2.171778	-2.185566	0.2294774	0.03252653
42	2.115801	-2.21524	0.229668	0.03331986
43	2.057691	-2.240589	0.2291333	0.03411319
44	1.997057	-2.260955	0.2275796	0.03490652
45	1.94128	-2.281226	0.2246305	0.03569985
46	1.878144	-2.290572	0.2205717	0.03649318
47	1.825502	-2.306918	0.2158796	0.03728651
48	1.76247	-2.309391	0.2104509	0.03807984
49	1.710087	-2.320597	0.2047139	0.03887317
50	1.647122	-2.317925	0.1989903	0.0396665
51	1.596367	-2.328329	0.1936166	0.04045983
52	1.536685	-2.32549	0.1881254	0.04125316
53	1.484655	-2.330754	0.1828527	0.04204649
54	1.428957	-2.32908	0.1779547	0.04283982
55	1.374275	-2.326842	0.1735465	0.04363315
56	1.322276	-2.325508	0.1699151	0.04442648
57	1.264677	-2.313537	0.1670916	0.04521981
58	1.214636	-2.309136	0.1642683	0.04601314
59	1.157363	-2.291786	0.1609235	0.04680647
60	1.111794	-2.291773	0.156975	0.0475998
61	1.05363	-2.268843	0.1527913	0.04839313
62	1.007777	-2.264878	0.1487479	0.04918646
63	0.9536695	-2.24487	0.144411	0.04997979
64	0.9074203	-2.238218	0.1401651	0.05077312
65	0.857564	-2.221262	0.1358072	0.05156645
66	0.8102857	-2.207927	0.1318264	0.05235978
67	0.7625601	-2.191133	0.1277238	0.05315311
68	0.7148254	-2.170955	0.1236901	0.05394644
69	0.6720248	-2.159816	0.1195709	0.05473977
70	0.6225536	-2.128766	0.1155468	0.0555331
71	0.5824353	-2.118739	0.1113111	0.05632643
72	0.5325745	-2.079492	0.1070767	0.05711976
73	0.4941811	-2.07014	0.1032768	0.05791309
74	0.4475511	-2.031934	0.09948271	0.05870642
75	0.4112262	-2.024228	0.09620354	0.05949975
76	0.3688372	-1.99093	0.09282617	0.06029308
77	0.3305851	-1.968652	0.09009331	0.06108641
78	0.2927029	-1.941118	0.0874644	0.06187974
79	0.2562666	-1.913718	0.08570787	0.06267307
80	0.2223351	-1.891661	0.08437092	0.0634664
81	0.1866255	-1.853879	0.08368814	0.06425973
82	0.1553424	-1.834385	0.08323471	0.06505306
83	0.1212813	-1.788551	0.08328067	0.06584639
84	0.0921353	-1.768938	0.08361554	0.06663972
85	0.06167484	-1.726241	0.0842666	0.06743305
86	0.03378436	-1.7008	0.08565226	0.06822638
87	0.006207051	-1.664324	0.08740885	0.06901971
88	-0.01949404	-1.633226	0.08947024	0.06981304
89	-0.04335566	-1.603474	0.09160955	0.07060637
90	-0.06567908	-1.569046	0.09423824	0.0713997
91	-0.08764209	-1.539123	0.09767575	0.07219303
92	-0.1095925	-1.498784	0.1030465	0.07298636
93	-0.1312616	-1.46958	0.1090253	0.07377969
94	-0.1520412	-1.428147	0.1159735	0.07457303
95	-0.172896	-1.401786	0.123549	0.07536636
96	-0.1922019	-1.365375	0.1319461	0.07615969
97	-0.211917	-1.339256	0.1412587	0.07695301
98	-0.231317	-1.313774	0.15146	0.07774634
99	-0.2498124	-1.286181	0.1622867	0.07853967
100	-0.2683437	-1.26322	0.1742228	0.079333
101	-0.2862685	-1.239284	0.187087	0.08012633
102	-0.3053119	-1.223725	0.2008877	0.08091966
103	-0.3229897	-1.202135	0.2155091	0.08171299
104	-0.3430021	-1.192741	0.2306166	0.08250632
105	-0.3606261	-1.174666	0.2463745	0.08329965
106	-0.3813526	-1.168257	0.2626284	0.08409298
107	-0.4011191	-1.160947	0.2789304	0.08488631
108	-0.4224559	-1.156758	0.2954892	0.08567964
109	-0.4438828	-1.152203	0.3120668	0.08647297
110	-0.4658622	-1.148656	0.3285705	0.0872663
111	-0.4915236	-1.155122	0.3447817	0.08805963
112	-0.5155904	-1.155949	0.3606179	0.08885296
113	-0.5427641	-1.164909	0.375323	0.08964629
114	-0.5669346	-1.165613	0.3887022	0.09043963
115	-0.5964486	-1.17828	0.4006754	0.09123296
116	-0.6224959	-1.182679	0.4084812	0.09202629
117	-0.649775	-1.189659	0.4105497	0.09281962
118	-0.6782502	-1.199058	0.4085413	0.09361294
119	-0.7041312	-1.202737	0.4055963	0.09440627
120	-0.7295984	-1.205843	0.4039762	0.0951996
121	-0.7527704	-1.204657	0.404761	0.09599293
122	-0.7780413	-1.207219	0.4066553	0.09678626
123	-0.8022306	-1.207343	0.4094039	0.09757959
124	-0.8248147	-1.205063	0.4109709	0.09837292
125	-0.8481059	-1.204877	0.4115856	0.09916625
126	-0.8702572	-1.203755	0.4105666	0.09995958
127	-0.8972923	-1.209584	0.4073972	0.1007529
128	-0.919131	-1.208131	0.4033939	0.1015462
129	-0.949224	-1.217674	0.397889	0.1023396
130	-0.9718866	-1.217058	0.3905859	0.1031329
131	-1.005518	-1.23065	0.3798366	0.1039262
132	-1.034314	-1.238246	0.3665194	0.1047196
133	-1.068987	-1.251898	0.3529672	0.1055129
134	-1.109441	-1.270605	0.3400643	0.1063062
135	-1.147331	-1.285668	0.3282468	0.1070996
136	-1.197531	-1.311598	0.316804	0.1078929
137	-1.242867	-1.330512	0.3053181	0.1086862
138	-1.307379	-1.364639	0.2932438	0.1094795
139	-1.361099	-1.385207	0.2806631	0.1102729
140	-1.434185	-1.419801	0.2666963	0.1110662
141	-1.489957	-1.435832	0.2526315	0.1118595
142	-1.57307	-1.470501	0.2383786	0.1126529
143	-1.640039	-1.487597	0.2251493	0.1134462
144	-1.730104	-1.517026	0.2132293	0.1142395
145	-1.809641	-1.533326	0.2020326	0.1150329
146	-1.886184	-1.545298	0.1899215	0.1158262
147	-1.964981	-1.555849	0.177158	0.1166195
148	-2.041963	-1.561621	0.1648551	0.1174128
149	-2.139436	-1.575925	0.1537086	0.1182062
150	-2.216052	-1.573422	0.1437344	0.1189995
151	-2.321832	-1.583858	0.1348307	0.1197928
152	-2.408736	-1.579496	0.1267105	0.1205862
153	-2.51311	-1.58012	0.1188309	0.1213795
154	-2.594923	-1.565598	0.1107775	0.1221728
155	-2.683781	-1.551646	0.1022635	0.1229662
156	-2.760813	-1.528513	0.09388638	0.1237595
157	-2.840905	-1.503771	0.08597486	0.1245528
158	-2.91604	-1.473651	0.0785111	0.1253461
159	-2.989742	-1.440287	0.07184632	0.1261395
160	-3.067895	-1.405844	0.06558628	0.1269328
161	-3.120557	-1.359399	0.06023613	0.1277261
162	-3.184215	-1.314621	0.05564803	0.1285195
163	-3.231055	-1.263021	0.05197819	0.1293128
164	-3.284899	-1.214148	0.04855862	0.1301061
165	-3.312441	-1.157836	0.04597994	0.1308995
166	-3.343505	-1.099253	0.04578283	0.1316928
167	-3.363251	-1.034269	0.04798147	0.1324861
168	-3.395926	-0.9690732	0.05223174	0.1332794
169	-3.432044	-0.903501	0.05668345	0.1340728
170	-3.464475	-0.8339301	0.06220824	0.1348661
171	-3.517152	-0.7679777	0.06605557	0.1356594
172	-3.571455	-0.701521	0.06784109	0.1364528
173	-3.644506	-0.6383933	0.06659799	0.1372461
174	-3.717721	-0.5740196	0.06283282	0.1380394
175	-3.788002	-0.5079743	0.05633673	0.1388327
176	-3.858502	-0.4412034	0.04643589	0.1396261
177	-3.938491	-0.3702993	0.03621543	0.1404194
178	-4.026144	-0.3004899	0.02361178	0.1412127
179	-4.08412	-0.2277999	0.01124564	0.1420061
180	-4.154809	-0.1533344	0.000983899	0.1427994
181	-4.197889	-0.07673591	-0.006608075	0.1435927
182	-4.246849	7.05E-05	-0.01243757	0.1443861
183	-4.27569	0.07840174	-0.01543674	0.1451794
184	-4.320906	0.1593654	-0.01520543	0.1459727
185	-4.352373	0.2408719	-0.01250978	0.1467661
186	-4.383771	0.3236839	-0.007842533	0.1475594
187	-4.407899	0.4066374	-0.001729565	0.1483527
188	-4.422444	0.4899846	0.005946033	0.1491461
189	-4.447634	0.57585	0.01415029	0.1499394
190	-4.45342	0.6601657	0.02277555	0.1507327
191	-4.472701	0.7475764	0.031538	0.151526
192	-4.476859	0.8345034	0.04095222	0.1523194
193	-4.492027	0.9244802	0.04978496	0.1531127
194	-4.496988	1.013624	0.05993909	0.153906
195	-4.5028	1.103371	0.07005259	0.1546994
196	-4.505525	1.192721	0.08080883	0.1554927
197	-4.504774	1.28197	0.09272551	0.156286
198	-4.500541	1.371255	0.1057228	0.1570793
199	-4.490027	1.45803	0.11966	0.1578727
200	-4.47214	1.544582	0.1352995	0.158666
201	-4.458607	1.636027	0.1534153	0.1594593
202	-4.456373	1.731525	0.1720375	0.1602527
203	-4.437265	1.821234	0.1917036	0.161046
204	-4.418933	1.910959	0.2120464	0.1618393
205	-4.400217	2.001139	0.2342213	0.1626327
206	-4.369166	2.086999	0.2576608	0.163426
207	-4.337508	2.173657	0.282971	0.1642193
208	-4.303593	2.260468	0.309868	0.1650126
209	-4.268218	2.347753	0.3381794	0.165806
210	-4.227383	2.432427	0.3672982	0.1665993
211	-4.183901	2.514903	0.3964462	0.1673926
212	-4.141375	2.598402	0.4263791	0.168186
213	-4.093586	2.678497	0.4562868	0.1689793
214	-4.047982	2.760412	0.4863341	0.1697726
215	-3.984794	2.829718	0.5146309	0.1705659
216	-3.929673	2.905486	0.5424603	0.1713593
217	-3.866629	2.97593	0.5678377	0.1721526
218	-3.816357	3.054014	0.5887687	0.1729459
219	-3.755871	3.123708	0.6049286	0.1737393
220	-3.702279	3.196604	0.6163535	0.1745326
221	-3.650891	3.271054	0.6266422	0.1753259
222	-3.58811	3.333716	0.6353427	0.1761193
223	-3.531498	3.401858	0.6444959	0.1769126
224	-3.456573	3.451753	0.6525777	0.1777059
225	-3.396437	3.513893	0.6594199	0.1784993
226	-3.314979	3.55368	0.6638159	0.1792926
227	-3.246869	3.605388	0.6658034	0.1800859
228	-3.164604	3.641105	0.6649138	0.1808793
229	-3.094656	3.687935	0.6607211	0.1816726
230	-3.011953	3.718858	0.6546411	0.1824659
231	-2.933642	3.752244	0.6455582	0.1832592
232	-2.848575	3.775774	0.6331527	0.1840526
233	-2.768896	3.80331	0.6164495	0.1848459
234	-2.693795	3.835999	0.595006	0.1856392
235	-2.604704	3.847081	0.5668008	0.1864326
236	-2.53458	3.881718	0.5315003	0.1872259
237	-2.448844	3.891309	0.4875369	0.1880192
238	-2.381449	3.924735	0.4317319	0.1888125
239	-2.305592	3.942714	0.3628005	0.1896059
240	-2.238281	3.971919	0.2911553	0.1903992
241	-2.163105	3.986897	0.2258714	0.1911925
242	-2.089901	4.003109	0.1729803	0.1919859
243	-2.014875	4.015095	0.1319293	0.1927792
244	-1.941278	4.028558	0.1003815	0.1935725
245	-1.864368	4.035025	0.07662219	0.1943659
246	-1.780078	4.024338	0.05810601	0.1951592
247	-1.704292	4.028809	0.0433293	0.1959525
248	-1.622619	4.018322	0.03128053	0.1967458
249	-1.545514	4.016438	0.02087227	0.1975392
250	-1.460298	3.992638	0.01180795	0.1983325
251	-1.383576	3.987616	0.004628127	0.1991258
252	-1.299552	3.960296	-0.000414789	0.1999192
253	-1.218963	3.93886	-0.003772079	0.2007125
254	-1.134207	3.902966	-0.005458591	0.2015058
255	-1.050911	3.867734	-0.005405589	0.2022992
256	-0.9659039	3.823671	-0.003716742	0.2030925
257	-0.8813213	3.774759	-0.000665914	0.2038858
258	-0.7973095	3.724724	0.003783128	0.2046791
259	-0.7117266	3.661105	0.009663804	0.2054725
260	-0.6285251	3.598961	0.0163568	0.2062658
261	-0.5446244	3.52591	0.02458403	0.2070591
262	-0.4630793	3.453993	0.03347522	0.2078525
263	-0.3813526	3.371232	0.04327993	0.2086458
264	-0.3032056	3.295547	0.05316998	0.2094391
265	-0.2273959	3.210067	0.06275935	0.2102325
266	-0.1551837	3.130814	0.07206605	0.2110258
267	-0.08653065	3.049898	0.08067378	0.2118191
268	-0.02329793	2.965939	0.08782008	0.2126125
269	0.03722617	2.898627	0.09491175	0.2134058
270	0.09371489	2.82461	0.1010875	0.2141991
271	0.1464373	2.764065	0.1063369	0.2149924
272	0.1958907	2.707583	0.1110973	0.2157858
273	0.2450444	2.663112	0.1156967	0.2165791
274	0.2937316	2.619393	0.1208673	0.2173724
275	0.3461921	2.594792	0.1270089	0.2181658
276	0.4035793	2.590338	0.1346751	0.2189591
277	0.4668597	2.595413	0.1435562	0.2197524
278	0.5355807	2.613035	0.1533726	0.2205457
279	0.6068174	2.633564	0.1632732	0.2213391
280	0.6757535	2.650832	0.1713397	0.2221324
281	0.7378192	2.656404	0.1765197	0.2229257
282	0.7885754	2.642426	0.1777274	0.2237191
283	0.8302716	2.626469	0.1751577	0.2245124
284	0.859378	2.589441	0.1688135	0.2253057
285	0.8819438	2.55052	0.1606481	0.2260991
286	0.8932717	2.48733	0.1505684	0.2268924
287	0.9029914	2.431943	0.1401438	0.2276857
288	0.9070758	2.366207	0.1293505	0.228479
289	0.9084335	2.300313	0.1187805	0.2292724
290	0.9096068	2.241707	0.1082993	0.2300657
291	0.9011837	2.162364	0.09762803	0.230859
292	0.8913263	2.088151	0.08739014	0.2316524
293	0.8757212	2.006658	0.07698473	0.2324457
294	0.8568139	1.92217	0.0674644	0.233239
295	0.832974	1.831165	0.05843684	0.2340324
296	0.8090563	1.744822	0.05052306	0.2348257
297	0.7849483	1.661812	0.04337844	0.235619
298	0.7626205	1.584991	0.03756396	0.2364123
299	0.7416084	1.511735	0.03321187	0.2372057
300	0.716582	1.432636	0.03019161	0.237999
301	0.6973022	1.363958	0.02886676	0.2387923
302	0.6727435	1.286876	0.02874569	0.2395857
303	0.6502354	1.212422	0.03034219	0.240379
304	0.6229947	1.130477	0.03333727	0.2411723
305	0.6012096	1.056501	0.03819234	0.2419657
306	0.5744885	0.974274	0.04448747	0.242759
307	0.5479694	0.8914272	0.05256043	0.2435523
308	0.522054	0.8099194	0.06186014	0.2443457
309	0.492059	0.7215106	0.07290835	0.245139
310	0.469043	0.6411831	0.08562181	0.2459323
311	0.4386994	0.5511205	0.09990849	0.2467256
312	0.4157583	0.4693859	0.1158034	0.247519
313	0.3885055	0.3811531	0.133558	0.2483123
314	0.3664568	0.2976702	0.1529716	0.2491056
315	0.3355373	0.203876	0.1741018	0.249899
316	0.3168651	0.1221751	0.1969501	0.2506923
317	0.2872815	0.02959871	0.2208983	0.2514856
318	0.2589301	-0.0591713	0.2454267	0.252279
319	0.2225835	-0.1508444	0.2695386	0.2530723
320	0.1839179	-0.2371056	0.2919734	0.2538656
321	0.1390432	-0.3196189	0.3122767	0.2546589
322	0.08558488	-0.3972048	0.3289624	0.2554523
323	0.02866018	-0.4641747	0.3415188	0.2562456
324	-0.04251668	-0.5260358	0.3484154	0.2570389
325	-0.1160958	-0.5744901	0.3502893	0.2578323
326	-0.1989994	-0.6154856	0.3471316	0.2586256
327	-0.2841825	-0.6453456	0.3398367	0.2594189
328	-0.3741458	-0.6673155	0.3288992	0.2602122
329	-0.4636195	-0.6794705	0.3156567	0.2610056
330	-0.5555518	-0.6853979	0.3008904	0.2617989
331	-0.6437701	-0.6826197	0.2854384	0.2625922
332	-0.7297605	-0.6736122	0.2692392	0.2633856
333	-0.8122621	-0.6586081	0.2520017	0.2641789
334	-0.8868006	-0.6361908	0.2341467	0.2649722
335	-0.9589823	-0.6100429	0.2151754	0.2657655
336	-1.021029	-0.5777444	0.1962164	0.2665589
337	-1.077996	-0.5416651	0.1767708	0.2673522
338	-1.122221	-0.4999472	0.1576774	0.2681456
339	-1.159808	-0.4560933	0.1388525	0.2689389
340	-1.18058	-0.4069591	0.1206257	0.2697322
341	-1.199096	-0.3593018	0.1032148	0.2705255
342	-1.203941	-0.3093931	0.0863576	0.2713189
343	-1.205523	-0.2616579	0.07045539	0.2721122
344	-1.19601	-0.2137647	0.05524191	0.2729055
345	-1.184817	-0.1689759	0.04125586	0.2736989
346	-1.162815	-0.1243485	0.02812143	0.2744922
347	-1.140414	-0.08341536	0.01728665	0.2752855
348	-1.111493	-0.04441889	0.00718934	0.2760789
349	-1.077126	-0.00741638	-0.001563571	0.2768722
350	-1.045684	0.02562738	-0.008495826	0.2776655
351	-1.007074	0.05734272	-0.01501122	0.2784588
352	-0.971389	0.08548845	-0.01987591	0.2792522
353	-0.9309809	0.1116942	-0.02371809	0.2800455
354	-0.8960249	0.1345572	-0.02598351	0.2808388
355	-0.8555034	0.1556629	-0.02737749	0.2816322
356	-0.8221925	0.1737937	-0.02751216	0.2824255
357	-0.7864211	0.1898139	-0.02661986	0.2832188
358	-0.751635	0.2038804	-0.02456727	0.2840121
359	-0.7207454	0.2154835	-0.02153758	0.2848055
360	-0.6865735	0.2256087	-0.01750438	0.2855988
361	-0.6596528	0.2334676	-0.01252332	0.2863922
362	-0.6277052	0.240043	-0.006803359	0.2871855
363	-0.603767	0.2449241	-0.000281227	0.2879788
364	-0.5738293	0.2482447	0.006875724	0.2887721
365	-0.552299	0.2506523	0.01467911	0.2895654
366	-0.5255011	0.2514217	0.0229601	0.2903588
367	-0.5017449	0.2511526	0.03163946	0.2911521
368	-0.4848331	0.2505233	0.0404743	0.2919455
369	-0.4585938	0.2478599	0.0498424	0.2927388
370	-0.4454014	0.2459503	0.05913911	0.2935321
371	-0.4202278	0.2414062	0.06781925	0.2943254
372	-0.4082032	0.238299	0.07642021	0.2951188
373	-0.3859874	0.2327725	0.08407559	0.2959121
374	-0.3755569	0.2294064	0.09045614	0.2967054
375	-0.3591899	0.2247735	0.0949242	0.2974988
376	-0.3507152	0.2223626	0.09797393	0.2982921
377	-0.3418186	0.2210312	0.09909829	0.2990854
378	-0.334228	0.2215039	0.09861005	0.2998787
379	-0.3352551	0.2258561	0.09709098	0.3006721
380	-0.3295676	0.229102	0.0949842	0.3014654
381	-0.3338377	0.2362648	0.09284727	0.3022587
382	-0.3290974	0.2404153	0.0915562	0.3030521
383	-0.3376048	0.2499883	0.09103865	0.3038454
384	-0.3362428	0.255869	0.09216668	0.3046387
385	-0.3448442	0.2662913	0.09503181	0.3054321
386	-0.3449243	0.2731194	0.09975732	0.3062254
387	-0.3514634	0.2833455	0.1059815	0.3070187
388	-0.3536864	0.2913073	0.1132434	0.307812
389	-0.3593209	0.3021727	0.1184768	0.3086054
390	-0.3653669	0.3133342	0.1204203	0.3093987
391	-0.3669715	0.3225829	0.1166461	0.310192
392	-0.3717794	0.3340126	0.106693	0.3109854
393	-0.3700386	0.3420174	0.09035881	0.3117787
394	-0.3693523	0.3510092	0.06963968	0.312572
395	-0.365085	0.3580284	0.04652448	0.3133654
396	-0.3612522	0.3657479	0.0223878	0.3141587
397	-0.3529619	0.3704625	-0.001631416	0.314952
398	-0.3427735	0.3739911	-0.0247208	0.3157454
399	-0.3341332	0.3785046	-0.04608518	0.3165387
400	-0.3206011	0.3792862	-0.06571607	0.317332
401	-0.3090383	0.3805262	-0.08249906	0.3181253
402	-0.2974096	0.3814465	-0.097069	0.3189187
403	-0.2883915	0.3836285	-0.1086465	0.319712
404	-0.2808751	0.3865748	-0.1183022	0.3205053
405	-0.2718867	0.387684	-0.1256155	0.3212987
406	-0.2705764	0.3964888	-0.13104	0.322092
407	-0.2622247	0.3974223	-0.1347695	0.3228853
408	-0.2649924	0.410997	-0.1373605	0.3236786
409	-0.2543457	0.4095684	-0.1386921	0.324472
410	-0.2573746	0.4234483	-0.1392753	0.3252653
411	-0.2464974	0.4215325	-0.1390871	0.3260586
412	-0.2480587	0.4343364	-0.1380638	0.326852
413	-0.2412196	0.436981	-0.1365342	0.3276453
414	-0.2384186	0.4443914	-0.1340152	0.3284386
415	-0.2333455	0.449019	-0.1314078	0.3292319
416	-0.2272926	0.4519783	-0.1279148	0.3300253
417	-0.2257642	0.4616103	-0.1241223	0.3308186
418	-0.2166081	0.4595903	-0.1194626	0.331612
419	-0.2176488	0.4735816	-0.1145854	0.3324053
420	-0.2077268	0.4700868	-0.1094475	0.3331986
421	-0.2080926	0.4833979	-0.1039007	0.3339919
422	-0.199234	0.4811656	-0.09846881	0.3347853
423	-0.1995441	0.4955581	-0.09273611	0.3355786
424	-0.1907671	0.4929531	-0.08700665	0.3363719
425	-0.1889843	0.5046221	-0.08129229	0.3371653
426	-0.1814212	0.5039181	-0.07535446	0.3379586
427	-0.1772466	0.5109884	-0.0698359	0.3387519
428	-0.1724368	0.5164492	-0.06409197	0.3395452
429	-0.1649998	0.5156502	-0.05859974	0.3403386
430	-0.1619781	0.5263098	-0.05311579	0.3411319
431	-0.1540868	0.5243891	-0.04767705	0.3419252
432	-0.1511117	0.5362225	-0.04234792	0.3427186
433	-0.1427818	0.5326078	-0.03710519	0.3435119
434	-0.1395678	0.5453748	-0.03198916	0.3443052
435	-0.1312802	0.5416456	-0.02672652	0.3450986
436	-0.1267673	0.5516523	-0.02160109	0.3458919
437	-0.1193968	0.5519921	-0.01649049	0.3466852
438	-0.1130063	0.5559741	-0.01143166	0.3474785
439	-0.1070419	0.5616566	-0.006051879	0.3482719
440	-0.09928801	0.5603069	-0.001105728	0.3490652
441	-0.0936764	0.5692583	0.004193136	0.3498586
442	-0.08565568	0.5662832	0.009183073	0.3506519
443	-0.07955434	0.5760206	0.01436738	0.3514452
444	-0.07145631	0.5731686	0.01948361	0.3522385
445	-0.06440841	0.5799797	0.02480889	0.3530319
446	-0.05622997	0.576405	0.03017858	0.3538252
447	-0.04843128	0.579697	0.03555376	0.3546185
448	-0.04047462	0.5792052	0.04118975	0.3554119
449	-0.03214436	0.577085	0.04664045	0.3562052
450	-0.02415004	0.5803152	0.05245347	0.3569985
451	-0.01569526	0.574941	0.05795709	0.3577918
452	-0.007386571	0.58085	0.06386627	0.3585852
453	0.000882577	0.5720889	0.06965211	0.3593785
454	0.00956295	0.5767109	0.07571383	0.3601718
455	0.0176855	0.5686836	0.08173486	0.3609652
456	0.02644895	0.5693629	0.0877924	0.3617585
457	0.03466531	0.5641733	0.09385203	0.3625518
458	0.04288442	0.5588656	0.09967897	0.3633451
459	0.05005923	0.5559102	0.1064346	0.3641385
460	0.05820791	0.5468723	0.1117357	0.3649318
461	0.06739812	0.5482817	0.1174187	0.3657251
462	0.07416569	0.535068	0.1225371	0.3665185
463	0.08361553	0.5363069	0.1275993	0.3673118
464	0.08969321	0.5217686	0.1321495	0.3681051
465	0.09917232	0.5219929	0.1363008	0.3688985
466	0.1048185	0.5064415	0.1398733	0.3696918
467	0.1128642	0.5014842	0.1429726	0.3704851
468	0.1188249	0.4899219	0.1456155	0.3712785
469	0.1252889	0.4794767	0.1472349	0.3720718
470	0.1320457	0.4718119	0.1486211	0.3728651
471	0.1363916	0.4569154	0.1489455	0.3736584
472	0.1433835	0.450386	0.1489167	0.3744518
473	0.1459029	0.4325956	0.1479059	0.3752451
474	0.1525862	0.4259573	0.1464065	0.3760384
475	0.1541192	0.4079859	0.144238	0.3768318
476	0.1604478	0.4010876	0.1414009	0.3776251
477	0.1616637	0.3842518	0.1382126	0.3784184
478	0.1657722	0.3737395	0.1342657	0.3792118
479	0.1671225	0.3590833	0.1303369	0.3800051
480	0.1692369	0.3460681	0.1256533	0.3807984
481	0.1709935	0.3337021	0.1212714	0.3815917
482	0.1714876	0.3192535	0.1163251	0.3823851
483	0.1720624	0.3060001	0.1116449	0.3831784
484	0.1723559	0.2916952	0.1062136	0.3839717
485	0.1721281	0.2782007	0.1008267	0.3847651
486	0.1694906	0.2619656	0.0954935	0.3855584
487	0.1675557	0.2473054	0.09013819	0.3863517
488	0.1647978	0.2323738	0.08480035	0.387145
489	0.1605754	0.2158423	0.0793057	0.3879384
490	0.1570502	0.2012715	0.07432869	0.3887317
491	0.1520197	0.1850677	0.06870069	0.389525
492	0.1462844	0.1692503	0.06345513	0.3903184
493	0.1406876	0.1539028	0.05764581	0.3911117
494	0.133474	0.1378043	0.0520312	0.391905
495	0.1279573	0.1241538	0.04588488	0.3926983
496	0.1188138	0.1077271	0.03974392	0.3934917
497	0.1131461	0.09563124	0.03332804	0.394285
498	0.1016872	0.07864092	0.02672775	0.3950784
499	0.09734043	0.06921199	0.02020766	0.3958717
500	0.08512216	0.05322673	0.01331603	0.396665
501	0.08063582	0.04498339	0.00673808	0.3974583
502	0.06921525	0.03128935	-0.000288113	0.3982517
503	0.06326576	0.02306302	-0.006918481	0.399045
504	0.05215897	0.01129172	-0.01381967	0.3998383
505	0.04605708	0.004026926	-0.02045668	0.4006317
506	0.03671729	-0.005083765	-0.02704639	0.401425
507	0.02853801	-0.01263062	-0.03345536	0.4022183
508	0.02149363	-0.01876546	-0.03953268	0.4030116
509	0.01125693	-0.02653118	-0.0457027	0.403805
510	0.005975628	-0.03039221	-0.05128241	0.4045983
511	-0.004812075	-0.0371835	-0.05696267	0.4053916
512	-0.00864428	-0.03922075	-0.0619676	0.406185
513	-0.01913284	-0.04468301	-0.06713029	0.4069783
514	-0.02237654	-0.04564684	-0.07167004	0.4077716
515	-0.03343832	-0.05018241	-0.0761103	0.408565
516	-0.03586383	-0.05008554	-0.08009672	0.4093583
517	-0.04724307	-0.05363656	-0.08365788	0.4101516
518	-0.05108096	-0.05334369	-0.08703583	0.4109449
519	-0.0593251	-0.05473603	-0.08974473	0.4117383
520	-0.06529912	-0.05483313	-0.09241381	0.4125316
521	-0.07299012	-0.05497499	-0.09426787	0.413325
522	-0.07938432	-0.05455793	-0.09623384	0.4141183
523	-0.08694562	-0.05399477	-0.09738152	0.4149116
524	-0.09683815	-0.05374871	-0.09841675	0.4157049
525	-0.1024712	-0.05178973	-0.09882859	0.4164983
526	-0.1133076	-0.05081388	-0.09892479	0.4172916
527	-0.1199142	-0.04839708	-0.09861914	0.4180849
528	-0.1323334	-0.04673384	-0.0977953	0.4188783
529	-0.1394642	-0.04353972	-0.09682551	0.4196716
530	-0.1507298	-0.04042969	-0.09497657	0.4204649
531	-0.1608057	-0.03675003	-0.09315212	0.4212582
532	-0.1709764	-0.03221147	-0.09052423	0.4220516
533	-0.1806461	-0.02721083	-0.08789036	0.4228449
534	-0.190722	-0.02150522	-0.08450128	0.4236382
535	-0.2025962	-0.01533366	-0.08101209	0.4244316
536	-0.2106629	-0.008231944	-0.0770672	0.4252249
537	-0.2242085	-0.000738332	-0.07275184	0.4260182
538	-0.232114	0.007623971	-0.06824102	0.4268115
539	-0.2435711	0.01677738	-0.06318046	0.4276049
540	-0.2523055	0.02623321	-0.05808265	0.4283982
541	-0.2612368	0.03668258	-0.05242477	0.4291915
542	-0.2693031	0.04715391	-0.04693432	0.4299849
543	-0.2761135	0.05818253	-0.04098386	0.4307782
544	-0.2840949	0.0692488	-0.03534862	0.4315715
545	-0.285871	0.07993741	-0.02945027	0.4323649
546	-0.293786	0.09082745	-0.02387605	0.4331582
547	-0.2911934	0.1000371	-0.01863626	0.4339515
548	-0.2957777	0.1092991	-0.01367328	0.4347449
549	-0.2894267	0.1156765	-0.009685925	0.4355382
550	-0.2891372	0.121752	-0.005861224	0.4363315
551	-0.2799133	0.1243496	-0.003321915	0.4371248
552	-0.2739489	0.1263481	-0.000891252	0.4379182
553	-0.2623738	0.1256271	0.000644238	0.4387115
554	-0.2500939	0.1236464	0.002139064	0.4395048
555	-0.2384412	0.120716	0.003116433	0.4402982
556	-0.2223546	0.1160437	0.004130744	0.4410915
557	-0.2149142	0.1136297	0.005325387	0.4418848
558	-0.1975358	0.1079489	0.006430491	0.4426782
559	-0.1947963	0.1075799	0.008230896	0.4434715
560	-0.1818908	0.1041474	0.009921889	0.4442648
561	-0.1827894	0.1065082	0.01249734	0.4450581
562	-0.1743316	0.1057363	0.0147939	0.4458515
563	-0.1780186	0.1107777	0.01790836	0.4466448
564	-0.1760685	0.1140662	0.02070666	0.4474381
565	-0.180852	0.121188	0.02398784	0.4482315
566	-0.1852794	0.1290794	0.02673435	0.4490248
567	-0.1906069	0.1381761	0.03005672	0.4498181
568	-0.1996199	0.1502731	0.03344594	0.4506114
569	-0.2045337	0.1609532	0.03659765	0.4514048
570	-0.2169509	0.1774034	0.04027201	0.4521981
571	-0.2208008	0.1889454	0.04310536	0.4529915
572	-0.2347931	0.2088794	0.04668125	0.4537848
573	-0.2378504	0.2224562	0.04917815	0.4545781
574	-0.250737	0.2440085	0.05269262	0.4553714
575	-0.2561556	0.2618627	0.05569664	0.4561648
576	-0.2658563	0.2837162	0.05890244	0.4569581
577	-0.271538	0.3039911	0.06199739	0.4577514
578	-0.280632	0.3278338	0.06512861	0.4585448
579	-0.2873347	0.3513494	0.06827478	0.4593381
580	-0.2924817	0.3743269	0.07130846	0.4601314
581	-0.2996604	0.4005527	0.07473959	0.4609247
582	-0.3017858	0.4229494	0.07780594	0.4617181
583	-0.3074689	0.4497393	0.08119697	0.4625114
584	-0.3069737	0.4713622	0.08430548	0.4633047
585	-0.309825	0.4969741	0.08764214	0.4640981
586	-0.307622	0.5179685	0.09085307	0.4648914
587	-0.3073089	0.5411527	0.0940562	0.4656847
588	-0.3038108	0.5613608	0.09729438	0.466478
589	-0.3001113	0.5810334	0.1001321	0.4672714
590	-0.2947779	0.5992315	0.1035943	0.4680647
591	-0.2883757	0.6152165	0.1057629	0.468858
592	-0.2821126	0.631336	0.1080291	0.4696514
593	-0.2735368	0.6436571	0.1093941	0.4704447
594	-0.2648007	0.6553802	0.1105001	0.471238
595	-0.2554012	0.6651258	0.1111506	0.4720314
596	-0.2456465	0.673397	0.1109466	0.4728247
597	-0.2351511	0.6797912	0.1100275	0.473618
598	-0.2240221	0.6838219	0.1083051	0.4744113
599	-0.2139319	0.6886507	0.1061847	0.4752047
600	-0.2014057	0.6878992	0.1030422	0.475998
601	-0.1913333	0.6904753	0.09983014	0.4767914
602	-0.1787492	0.6868348	0.09572851	0.4775847
603	-0.1686082	0.6868272	0.09184507	0.478378
604	-0.1564449	0.6814452	0.08727823	0.4791713
605	-0.1459804	0.6783983	0.0829909	0.4799647
606	-0.134577	0.6724556	0.07838591	0.480758
607	-0.1242294	0.6675286	0.07388313	0.4815513
608	-0.1141588	0.662855	0.06934294	0.4823447
609	-0.1037241	0.6560108	0.06472557	0.483138
610	-0.09447996	0.652194	0.06030821	0.4839313
611	-0.0842132	0.6446177	0.05558051	0.4847246
612	-0.07571434	0.6423874	0.05119942	0.485518
613	-0.06591364	0.6356485	0.04646977	0.4863113
614	-0.05788211	0.6346364	0.04214162	0.4871046
615	-0.04878316	0.6302637	0.03755897	0.487898
616	-0.04069872	0.6294394	0.03325112	0.4886913
617	-0.03186664	0.6268197	0.02886064	0.4894846
618	-0.02371787	0.6266673	0.02459506	0.4902779
619	-0.0151795	0.6265369	0.02049884	0.4910713
620	-0.006790916	0.6265655	0.01632505	0.4918646
621	0.001702919	0.6288728	0.01264002	0.4926579
622	0.01056327	0.6287227	0.008650632	0.4934513
623	0.01937305	0.6320805	0.005267818	0.4942446
624	0.02858162	0.6332792	0.001747292	0.4950379
625	0.03782	0.6369351	-0.001376043	0.4958313
626	0.04755304	0.6392921	-0.004462791	0.4966246
627	0.05733093	0.6431426	-0.007259303	0.4974179
628	0.06769139	0.6465589	-0.009866381	0.4982113
629	0.07811008	0.6503211	-0.01245918	0.4990046
630	0.08921954	0.6544482	-0.01463135	0.4997979
631	0.1003603	0.658031	-0.01686003	0.5005912
632	0.1122696	0.6634607	-0.01847064	0.5013846
633	0.1242591	0.6669853	-0.02023612	0.5021779
634	0.1369983	0.6732007	-0.02138951	0.5029712
635	0.1498968	0.6768007	-0.0226087	0.5037646
636	0.1635061	0.6828834	-0.02324814	0.5045579
637	0.17743	0.6873247	-0.02377344	0.5053512
638	0.1919326	0.6931655	-0.02397205	0.5061446
639	0.2068891	0.6977584	-0.02382039	0.5069379
640	0.222315	0.7034718	-0.02350166	0.5077312
641	0.2383877	0.7085513	-0.02258523	0.5085245
642	0.2548235	0.7140043	-0.0217834	0.5093179
643	0.2718737	0.719115	-0.02034078	0.5101112
644	0.2891979	0.7235558	-0.0189146	0.5109046
645	0.3071789	0.728489	-0.01691237	0.5116979
646	0.3255201	0.7327411	-0.01485605	0.5124912
647	0.3443688	0.7372806	-0.0123085	0.5132845
648	0.3633114	0.7400183	-0.009548155	0.5140778
649	0.3830417	0.7442657	-0.006529686	0.5148712
650	0.4025674	0.7458848	-0.003175269	0.5156645
651	0.4227572	0.7486843	0.000296727	0.5164579
652	0.4427555	0.7493217	0.004231271	0.5172512
653	0.4631249	0.7501385	0.008183545	0.5180445
654	0.4832398	0.7491813	0.01263637	0.5188378
655	0.5035847	0.7485102	0.0170902	0.5196311
656	0.5234983	0.7459202	0.02186087	0.5204245
657	0.5437154	0.7433437	0.02673572	0.5212178
658	0.5631293	0.739488	0.03159035	0.5220112
659	0.5825868	0.7343937	0.03654461	0.5228045
660	0.601273	0.7285103	0.04166343	0.5235978
661	0.619718	0.7216988	0.04677656	0.5243912
662	0.6369401	0.7135001	0.05145114	0.5251845
663	0.654348	0.7055311	0.05632234	0.5259778
664	0.6694153	0.6943075	0.06070546	0.5267711
665	0.6852263	0.6846058	0.06500427	0.5275645
666	0.6986026	0.6717528	0.06876565	0.5283578
667	0.7124915	0.6604212	0.0722076	0.5291511
668	0.7233046	0.6452935	0.07512067	0.5299445
669	0.7351497	0.6326403	0.07729228	0.5307378
670	0.7440457	0.6166039	0.07902025	0.5315311
671	0.7528918	0.6017812	0.07980717	0.5323244
672	0.7602492	0.5855178	0.08020511	0.5331178
673	0.7656451	0.5682111	0.07974222	0.5339111
674	0.7723438	0.5528079	0.07901762	0.5347044
675	0.7746029	0.5337304	0.07755177	0.5354978
676	0.7800625	0.5186461	0.07603434	0.5362911
677	0.7794941	0.4982922	0.07438166	0.5370844
678	0.784151	0.4838563	0.07267	0.5378777
679	0.7814032	0.4629486	0.07117166	0.5386711
680	0.7843759	0.4481664	0.06972333	0.5394644
681	0.7807121	0.4278418	0.06894889	0.5402578
682	0.7819442	0.4124795	0.06809694	0.5410511
683	0.778716	0.3936906	0.06775876	0.5418444
684	0.7778312	0.3774052	0.0674014	0.5426377
685	0.7761937	0.3607375	0.06737743	0.543431
686	0.7730715	0.3433852	0.06730946	0.5442244
687	0.7736498	0.3288354	0.06739295	0.5450177
688	0.7685975	0.3106865	0.06750797	0.5458111
689	0.7720283	0.2981821	0.06750868	0.5466044
690	0.7668271	0.2801542	0.06773952	0.5473977
691	0.7710695	0.2679627	0.06779235	0.5481911
692	0.767019	0.2506745	0.06819363	0.5489843
693	0.7717038	0.2382318	0.0683753	0.5497777
694	0.7707151	0.2222723	0.06903256	0.550571
695	0.7754482	0.2089483	0.06955579	0.5513644
696	0.7778339	0.1939608	0.07045066	0.5521577
697	0.7817543	0.1793337	0.07121433	0.552951
698	0.788997	0.1658046	0.07233592	0.5537444
699	0.7901235	0.1495243	0.07336747	0.5545377
700	0.7999869	0.1370035	0.07421501	0.555331
701	0.7988276	0.1205126	0.07496328	0.5561243
702	0.80721	0.1080053	0.07532971	0.5569177
703	0.8034635	0.09198099	0.0755146	0.557711
704	0.8075222	0.07921086	0.07527892	0.5585043
705	0.8007606	0.0639905	0.07485271	0.5592977
706	0.7981254	0.05078038	0.0740787	0.560091
707	0.7904534	0.03713957	0.07307686	0.5608843
708	0.7818044	0.02383175	0.07191404	0.5616776
709	0.7758588	0.01185366	0.07104846	0.562471
710	0.7634252	-0.001327766	0.06963563	0.5632643
711	0.7594735	-0.01239768	0.06828943	0.5640576
712	0.7464951	-0.02508829	0.06721385	0.564851
713	0.7427164	-0.03609427	0.06603325	0.5656443
714	0.7299329	-0.04813676	0.06496415	0.5664377
715	0.7246699	-0.05902242	0.06385343	0.5672309
716	0.7122282	-0.07007167	0.062695	0.5680243
717	0.7028524	-0.08047001	0.06150182	0.5688176
718	0.692045	-0.09012733	0.06010672	0.569611
719	0.6770827	-0.09951168	0.05871655	0.5704043
720	0.6667983	-0.1076068	0.05693543	0.5711976
721	0.6482581	-0.1153087	0.05526479	0.571991
722	0.6353276	-0.121862	0.05319972	0.5727843
723	0.615339	-0.1276218	0.05119439	0.5735776
724	0.5994209	-0.1325633	0.04892515	0.5743709
725	0.5789869	-0.1365635	0.0467312	0.5751643
726	0.5597716	-0.1398172	0.04437827	0.5759576
727	0.5416418	-0.1425575	0.04211487	0.5767509
728	0.5171795	-0.1439477	0.03985101	0.5775443
729	0.5033049	-0.1460418	0.03763466	0.5783376
730	0.475916	-0.1456825	0.03539562	0.5791309
731	0.4624919	-0.1468032	0.03328154	0.5799242
732	0.4344773	-0.1447931	0.03135701	0.5807176
733	0.4186186	-0.1444002	0.02935238	0.5815109
734	0.3922788	-0.1409185	0.02740241	0.5823042
735	0.3736372	-0.1384958	0.02545523	0.5830976
736	0.3500229	-0.133986	0.02359699	0.5838909
737	0.3264908	-0.128622	0.02173503	0.5846843
738	0.3069591	-0.1234756	0.0198956	0.5854775
739	0.2776337	-0.1144203	0.01812753	0.5862709
740	0.2613798	-0.1085507	0.01632823	0.5870642
741	0.2284674	-0.09595609	0.01463678	0.5878575
742	0.211776	-0.08816467	0.01291628	0.5886509
743	0.1794747	-0.07334802	0.01134791	0.5894442
744	0.160889	-0.06313187	0.009862494	0.5902376
745	0.1305417	-0.04678746	0.008422031	0.5910309
746	0.109447	-0.03364868	0.007137666	0.5918242
747	0.08329351	-0.01704489	0.005908258	0.5926175
748	0.05764158	0.000172107	0.00491244	0.5934108
749	0.03721762	0.01586558	0.003927346	0.5942042
750	0.009961104	0.03603315	0.003271175	0.5949975
751	-0.008026395	0.05221185	0.002544621	0.5957909
752	-0.03351571	0.07345296	0.002176847	0.5965842
753	-0.05120259	0.0911027	0.00177575	0.5973775
754	-0.0732284	0.1122996	0.001700148	0.5981708
755	-0.09096471	0.1315341	0.001719768	0.5989642
756	-0.1090054	0.1518922	0.001946279	0.5997575
757	-0.1271645	0.1729743	0.002394344	0.6005508
758	-0.1396459	0.1908454	0.00293357	0.6013442
759	-0.1583059	0.2139805	0.003745744	0.6021375
760	-0.1672141	0.2305455	0.004501157	0.6029308
761	-0.1838439	0.2538603	0.005637688	0.6037241
762	-0.1926609	0.2716503	0.006632109	0.6045175
763	-0.204595	0.2926629	0.008027873	0.6053108
764	-0.2141637	0.3124565	0.009156011	0.6061041
765	-0.2211491	0.3304102	0.01060394	0.6068975
766	-0.2314397	0.3522927	0.01201777	0.6076908
767	-0.2334789	0.3664366	0.01357615	0.6084841
768	-0.2452977	0.3912847	0.01523728	0.6092775
769	-0.2417325	0.4001233	0.01704567	0.6100708
770	-0.2535097	0.4264058	0.01899439	0.6108641
771	-0.2496245	0.4353395	0.02084475	0.6116574
772	-0.2579097	0.4590975	0.02289657	0.6124508
773	-0.2546454	0.4691874	0.02487611	0.6132441
774	-0.2586499	0.4889206	0.02700581	0.6140375
775	-0.2572634	0.5022544	0.02902391	0.6148308
776	-0.2559113	0.5147544	0.03149743	0.6156241
777	-0.2564427	0.5318597	0.03357014	0.6164174
778	-0.2507227	0.5399635	0.03570399	0.6172107
779	-0.2528356	0.5601496	0.038001	0.6180041
780	-0.2437874	0.5631145	0.04015559	0.6187974
781	-0.2451742	0.5834588	0.04254143	0.6195908
782	-0.2351042	0.5843211	0.04478379	0.6203841
783	-0.2348756	0.6031606	0.04717063	0.6211774
784	-0.2250929	0.6042777	0.04941788	0.6219707
785	-0.2222372	0.6194326	0.05162264	0.6227641
786	-0.2137567	0.6228248	0.05381111	0.6235574
787	-0.2078853	0.6322566	0.05579846	0.6243507
788	-0.2012869	0.6401594	0.05771499	0.6251441
789	-0.1920497	0.6419386	0.05929166	0.6259374
790	-0.186729	0.6533338	0.06088077	0.6267307
791	-0.175725	0.6500301	0.0621126	0.627524
792	-0.170673	0.6627133	0.063481	0.6283174
793	-0.159158	0.6568025	0.06464015	0.6291107
794	-0.1533107	0.6685889	0.06594627	0.629904
795	-0.1423268	0.6632032	0.06740849	0.6306974
796	-0.1347832	0.6704391	0.06905978	0.6314907
797	-0.1249122	0.6677455	0.07120258	0.632284
798	-0.1157004	0.6681561	0.07344262	0.6330774
799	-0.1069567	0.6702786	0.07617256	0.6338707
800	-0.09646652	0.664111	0.07893594	0.634664
801	-0.0883105	0.669005	0.08220416	0.6354573
802	-0.07741025	0.6603994	0.0851857	0.6362507
803	-0.06915318	0.6645105	0.08876897	0.637044
804	-0.05888976	0.6543688	0.09219804	0.6378374
805	-0.05026241	0.6571928	0.09566954	0.6386307
806	-0.04066354	0.6474801	0.09916289	0.639424
807	-0.03169267	0.6463285	0.1022692	0.6402173
808	-0.02263425	0.6405727	0.1051944	0.6410106
809	-0.01350919	0.6327544	0.1074633	0.641804
810	-0.004908615	0.6301876	0.109553	0.6425973
811	0.003945243	0.6179074	0.1107847	0.6433907
812	0.01235135	0.6169372	0.1118491	0.644184
813	0.02051829	0.6021368	0.1121065	0.6449773
814	0.02882624	0.5998904	0.1120483	0.6457706
815	0.03627422	0.5851443	0.1113448	0.6465639
816	0.0441873	0.5797227	0.1101535	0.6473573
817	0.05132357	0.5680229	0.1085671	0.6481506
818	0.05827467	0.5567799	0.1065725	0.648944
819	0.06533174	0.5489334	0.1044738	0.6497373
820	0.0709934	0.5322865	0.1020169	0.6505306
821	0.07808347	0.5274104	0.09977964	0.651324
822	0.08264894	0.5086751	0.09728716	0.6521173
823	0.08958977	0.5039498	0.09506804	0.6529106
824	0.09324476	0.4848	0.09277243	0.6537039
825	0.09977915	0.4792006	0.0906475	0.6544973
826	0.1028812	0.4613077	0.08861481	0.6552906
827	0.1088393	0.4530924	0.086289	0.6560839
828	0.1124076	0.4393198	0.08436887	0.6568773
829	0.1157683	0.4256396	0.08224368	0.6576706
830	0.1200639	0.4161094	0.08037382	0.6584639
831	0.1215649	0.3988064	0.0781494	0.6592572
832	0.1264624	0.3919477	0.0761731	0.6600506
833	0.1264322	0.3727587	0.0739875	0.6608439
834	0.1311766	0.3661521	0.07190011	0.6616372
835	0.1302816	0.3471595	0.06979272	0.6624306
836	0.1344588	0.3399506	0.06760737	0.6632239
837	0.1334307	0.3224945	0.065703	0.6640172
838	0.1363072	0.3132532	0.06315275	0.6648105
839	0.1358346	0.2986678	0.06118691	0.6656039
840	0.1364172	0.2861356	0.05866661	0.6663972
841	0.1367433	0.2742952	0.05659872	0.6671906
842	0.136282	0.2612136	0.05404188	0.6679839
843	0.1359938	0.2494154	0.05184082	0.6687772
844	0.134666	0.2362163	0.04924241	0.6695706
845	0.1353159	0.225704	0.04656295	0.6703638
846	0.1330188	0.212339	0.04401794	0.6711572
847	0.1314701	0.2004631	0.04143688	0.6719505
848	0.1289756	0.1882477	0.03907856	0.6727439
849	0.1257703	0.1752483	0.03641095	0.6735372
850	0.1233751	0.1642387	0.03421758	0.6743305
851	0.119941	0.151967	0.03157608	0.6751239
852	0.1163241	0.1404921	0.0295425	0.6759172
853	0.1135201	0.1300167	0.02710498	0.6767105
854	0.1083287	0.1176761	0.02510405	0.6775038
855	0.1054314	0.108183	0.02287648	0.6782972
856	0.09938534	0.09610821	0.02089527	0.6790905
857	0.0967061	0.08800026	0.01896626	0.6798838
858	0.08853334	0.07499723	0.01696649	0.6806772
859	0.08695523	0.06884434	0.01518099	0.6814705
860	0.07747947	0.05581928	0.01309727	0.6822638
861	0.07555127	0.05016551	0.01150386	0.6830571
862	0.06614885	0.0383896	0.009594746	0.6838505
863	0.06283288	0.03228316	0.00801323	0.6846438
864	0.05373392	0.02193903	0.006208614	0.6854371
865	0.04884117	0.01537763	0.004693445	0.6862305
866	0.03960291	0.006134875	0.003155461	0.6870238
867	0.03262524	-0.001081291	0.001641559	0.6878172
868	0.02516593	-0.008009506	0.000382766	0.6886104
869	0.01501996	-0.01625242	-0.001040552	0.6894038
870	0.009227229	-0.02101174	-0.002031849	0.6901971
871	-0.001757833	-0.02858957	-0.00342624	0.6909904
872	-0.006733792	-0.03189313	-0.004271223	0.6917838
873	-0.01813433	-0.03840953	-0.005385115	0.6925771
874	-0.02264071	-0.04056147	-0.005989166	0.6933705
875	-0.03437803	-0.04593238	-0.006709408	0.6941637
876	-0.03818038	-0.04692914	-0.007164683	0.6949571
877	-0.04904531	-0.05068657	-0.007472312	0.6957504
878	-0.05358043	-0.05130573	-0.00772925	0.6965438
879	-0.06278844	-0.05331121	-0.007567632	0.6973371
880	-0.06944142	-0.05408721	-0.007652561	0.6981304
881	-0.0779006	-0.05474353	-0.007122484	0.6989238
882	-0.08457973	-0.05495341	-0.007049486	0.6997171
883	-0.0921883	-0.05475257	-0.006401	0.7005104
884	-0.1013387	-0.05477634	-0.00595426	0.7013037
885	-0.107788	-0.05361388	-0.005174906	0.7020971
886	-0.1187482	-0.05325033	-0.004402668	0.7028904
887	-0.1254522	-0.05141876	-0.00351262	0.7036837
888	-0.1365198	-0.05005995	-0.00234463	0.7044771
889	-0.1446706	-0.04783387	-0.001325046	0.7052704
890	-0.1550982	-0.04533457	0.000198958	0.7060637
891	-0.1643194	-0.04238531	0.00146465	0.706857
892	-0.1746945	-0.03883981	0.003352953	0.7076504
893	-0.1844958	-0.03491389	0.004992573	0.7084437
894	-0.1945154	-0.03035996	0.007059339	0.709237
895	-0.2060549	-0.02542042	0.009103804	0.7100304
896	-0.2150594	-0.01971142	0.01139992	0.7108237
897	-0.2268847	-0.01347395	0.01385285	0.7116171
898	-0.2365167	-0.006763409	0.01626644	0.7124103
899	-0.2468624	0.000795368	0.01906164	0.7132037
900	-0.2571687	0.008522782	0.02154027	0.713997
901	-0.2669995	0.01713194	0.02452422	0.7147903
902	-0.2757864	0.02584184	0.02707325	0.7155837
903	-0.2841829	0.03525231	0.03007475	0.716377
904	-0.2933211	0.04477099	0.03267548	0.7171704
905	-0.299165	0.05445464	0.03551766	0.7179637
906	-0.3073004	0.06442894	0.03814843	0.718757
907	-0.3106242	0.07396472	0.04065866	0.7195503
908	-0.3163179	0.08377762	0.04314345	0.7203436
909	-0.3187464	0.09284969	0.04524986	0.721137
910	-0.3214452	0.1020295	0.04754237	0.7219303
911	-0.3237595	0.1107562	0.04928868	0.7227237
912	-0.3247442	0.1194761	0.05147066	0.723517
913	-0.326632	0.1282358	0.05329635	0.7243103
914	-0.3262327	0.1368304	0.05550672	0.7251036
915	-0.329673	0.1465354	0.05770902	0.725897
916	-0.3281578	0.1554101	0.06022543	0.7266903
917	-0.3317275	0.1661174	0.06291901	0.7274836
918	-0.3303066	0.1756531	0.06576563	0.728277
919	-0.334244	0.1874309	0.06901173	0.7290703
920	-0.3343241	0.1979694	0.07203484	0.7298636
921	-0.3369085	0.2099194	0.07565381	0.7306569
922	-0.3364641	0.2205547	0.07878137	0.7314503
923	-0.3375273	0.2319275	0.08218892	0.7322436
924	-0.3375204	0.242568	0.0850863	0.7330369
925	-0.3364815	0.2526378	0.08792571	0.7338303
926	-0.3364581	0.262985	0.09029907	0.7346236
927	-0.3340968	0.2719137	0.09202369	0.7354169
928	-0.3340808	0.282037	0.09404138	0.7362103
929	-0.3305628	0.290105	0.09550762	0.7370036
930	-0.3315395	0.301069	0.09720917	0.7377969
931	-0.3279853	0.3093383	0.09838329	0.7385902
932	-0.3291512	0.3209668	0.09988082	0.7393836
933	-0.3245793	0.3291014	0.1005558	0.7401769
934	-0.3257472	0.3413081	0.1021012	0.7409703
935	-0.3222723	0.3506603	0.1031199	0.7417636
936	-0.3215769	0.3620153	0.1042644	0.7425569
937	-0.3180739	0.3715281	0.1051958	0.7433502
938	-0.3157723	0.3815778	0.1059319	0.7441435
939	-0.3119552	0.3904949	0.1065463	0.7449369
940	-0.3068314	0.3975532	0.1066212	0.7457302
941	-0.3033014	0.4058432	0.1068068	0.7465236
942	-0.2957717	0.4096899	0.1062926	0.7473169
943	-0.2917641	0.4163787	0.1057333	0.7481102
944	-0.2826806	0.4175913	0.1045631	0.7489035
945	-0.2776595	0.4221983	0.103316	0.7496969
946	-0.2683796	0.4221849	0.1017388	0.7504902
947	-0.2623584	0.4251	0.09999493	0.7512835
948	-0.2534303	0.4250529	0.09826834	0.7520769
949	-0.2467554	0.427197	0.09620336	0.7528702
950	-0.2384486	0.427882	0.09442025	0.7536635
951	-0.2307016	0.4289053	0.09256256	0.7544569
952	-0.2231356	0.4308486	0.09068169	0.7552502
953	-0.2148731	0.4316486	0.08850537	0.7560435
954	-0.2076493	0.4342092	0.08663551	0.7568368
955	-0.1993659	0.4353077	0.08478292	0.7576302
956	-0.1922609	0.4382567	0.0828852	0.7584235
957	-0.1839543	0.4396902	0.08098245	0.7592168
958	-0.176597	0.4423498	0.07891408	0.7600102
959	-0.1686863	0.4445598	0.07702152	0.7608035
960	-0.1611875	0.4471149	0.07470578	0.7615968
961	-0.1538226	0.4504947	0.07271761	0.7623901
962	-0.1458973	0.4524753	0.07016361	0.7631835
963	-0.1389215	0.4566559	0.06795732	0.7639768
964	-0.1307591	0.458472	0.06523556	0.7647702
965	-0.1229945	0.4612778	0.06278338	0.7655635
966	-0.1155968	0.4649867	0.05993585	0.7663568
967	-0.1072102	0.46645	0.05708655	0.7671501
968	-0.09986972	0.4707364	0.05419866	0.7679434
969	-0.09126025	0.4716312	0.05129215	0.7687368
970	-0.08365306	0.4757652	0.04860567	0.7695301
971	-0.07518215	0.4771703	0.04571562	0.7703235
972	-0.06712919	0.4805832	0.04311843	0.7711168
973	-0.05840874	0.481553	0.04020015	0.7719101
974	-0.05023551	0.4847603	0.03760057	0.7727035
975	-0.04131919	0.4857481	0.03472007	0.7734967
976	-0.03267175	0.4874587	0.03205184	0.7742901
977	-0.02400781	0.4895976	0.0291567	0.7750834
978	-0.01506766	0.4898343	0.02630302	0.7758768
979	-0.006266213	0.4922215	0.02358766	0.7766701
980	0.002935869	0.4912083	0.02063796	0.7774634
981	0.01175472	0.493984	0.01803513	0.7782568
982	0.02113742	0.4917637	0.0150614	0.7790501
983	0.03001227	0.4943099	0.01247935	0.7798434
984	0.03945001	0.4916485	0.009644844	0.7806367
985	0.04832961	0.4934134	0.007142966	0.7814301
986	0.05758051	0.4919757	0.00451705	0.7822234
987	0.06656375	0.4917368	0.002101452	0.7830167
988	0.07576051	0.4908111	-0.000241235	0.7838101
989	0.08464127	0.4894392	-0.002600342	0.7846034
990	0.09377667	0.4891498	-0.004638533	0.7853967
991	0.1024915	0.4859418	-0.006957303	0.78619
992	0.1115027	0.4847441	-0.008877609	0.7869834
993	0.1200104	0.4810147	-0.01108624	0.7877767
994	0.1287949	0.480105	-0.01276689	0.78857
995	0.1370768	0.4751475	-0.0146546	0.7893634
996	0.1455785	0.4736317	-0.01617255	0.7901567
997	0.1536215	0.4683103	-0.01773812	0.7909501
998	0.1618994	0.4667457	-0.01901061	0.7917433
999	0.1697147	0.4611894	-0.02008454	0.7925367
1000	0.177629	0.4584652	-0.02108624	0.79333
1001	0.1852531	0.4527884	-0.02165563	0.7941234
1002	0.1929594	0.449483	-0.02224275	0.7949167
1003	0.2004345	0.4442432	-0.02245199	0.79571
1004	0.2080634	0.440539	-0.02265777	0.7965034
1005	0.2154904	0.4357682	-0.02242705	0.7972966
1006	0.2230031	0.4312674	-0.02216282	0.79809
1007	0.2305363	0.4270314	-0.02146082	0.7988833
1008	0.2381068	0.4224949	-0.02060339	0.7996767
1009	0.2457977	0.4187281	-0.01951031	0.80047
1010	0.2533053	0.4137613	-0.01806613	0.8012633
1011	0.260862	0.409577	-0.016618	0.8020567
1012	0.2681806	0.4042377	-0.01469121	0.80285
1013	0.2758535	0.4002728	-0.01282525	0.8036433
1014	0.2828157	0.3945234	-0.01048834	0.8044366
1015	0.2903187	0.3901611	-0.008149747	0.80523
1016	0.2967575	0.3838929	-0.00539701	0.8060233
1017	0.3040026	0.3794303	-0.002712393	0.8068166
1018	0.3093027	0.3718718	0.000186533	0.80761
1019	0.3161522	0.3673805	0.003116429	0.8084033
1020	0.3204921	0.3591779	0.005818636	0.8091967
1021	0.3265841	0.3541113	0.008975081	0.8099899
1022	0.3299947	0.3453348	0.01179616	0.8107833
1023	0.3358164	0.3405634	0.01481359	0.8115766
1024	0.3385696	0.3313148	0.01764512	0.8123699
1025	0.3438583	0.326096	0.02062731	0.8131633
1026	0.3470198	0.3177191	0.02337758	0.8139566
1027	0.3519273	0.3120162	0.02635904	0.81475
1028	0.3557364	0.3044083	0.02934363	0.8155432
1029	0.3607792	0.298601	0.03223661	0.8163366
1030	0.3659647	0.2922208	0.03550326	0.8171299
1031	0.3709601	0.2857614	0.03856511	0.8179232
1032	0.3777747	0.2807095	0.04193655	0.8187166
1033	0.3828724	0.2737392	0.04511405	0.8195099
1034	0.3912933	0.2698736	0.04841974	0.8203033
1035	0.3963487	0.2622878	0.0516005	0.8210966
1036	0.4054031	0.2586077	0.05472982	0.8218899
1037	0.4101036	0.2504361	0.05781052	0.8226832
1038	0.4197816	0.2471527	0.06054053	0.8234766
1039	0.4236124	0.2382505	0.06311428	0.8242699
1040	0.4323483	0.2341106	0.06544075	0.8250632
1041	0.436386	0.2257154	0.06787024	0.8258566
1042	0.443183	0.2200947	0.0699901	0.8266499
1043	0.4470731	0.2119716	0.07221206	0.8274432
1044	0.4523278	0.2052533	0.07415715	0.8282365
1045	0.456315	0.1975229	0.07628354	0.8290299
1046	0.4600084	0.1896955	0.07825886	0.8298232
1047	0.4654014	0.1830079	0.08026955	0.8306165
1048	0.4668375	0.1736422	0.08235179	0.8314099
1049	0.4733495	0.1675601	0.08426924	0.8322032
1050	0.4744265	0.1579131	0.08636286	0.8329965
1051	0.4807618	0.1515375	0.08823372	0.8337898
1052	0.4820189	0.1420089	0.09029552	0.8345832
1053	0.4883109	0.1353665	0.0920383	0.8353765
1054	0.4900248	0.126158	0.09397833	0.8361698
1055	0.4949692	0.1186749	0.09555834	0.8369632
1056	0.497165	0.1098544	0.09715791	0.8377565
1057	0.5006878	0.1017147	0.09846804	0.8385499
1058	0.5046926	0.09383203	0.09955979	0.8393432
1059	0.5053613	0.08456825	0.1005573	0.8401365
1060	0.5100083	0.0770544	0.1012925	0.8409298
1061	0.5097213	0.06763105	0.1019387	0.8417231
1062	0.5144222	0.06014243	0.1022551	0.8425165
1063	0.5133244	0.05070583	0.1025412	0.8433098
1064	0.516996	0.04285331	0.1025655	0.8441032
1065	0.5157509	0.03368728	0.1025335	0.8448965
1066	0.5180312	0.02555704	0.1023246	0.8456898
1067	0.5171441	0.01689548	0.1020066	0.8464831
1068	0.5162055	0.008309614	0.1015827	0.8472764
1069	0.5154208	0.000181272	0.1013277	0.8480698
1070	0.5121632	-0.008388215	0.1005888	0.8488631
1071	0.511889	-0.01590966	0.09960844	0.8496565
1072	0.5065881	-0.02431011	0.09869146	0.8504498
1073	0.5054715	-0.03169966	0.09742443	0.8512431
1074	0.4993954	-0.0395827	0.09613098	0.8520364
1075	0.4976224	-0.04687902	0.0946678	0.8528298
1076	0.4914427	-0.054323	0.09310463	0.8536231
1077	0.4870553	-0.06156588	0.09147884	0.8544164
1078	0.4827462	-0.06836623	0.08964477	0.8552098
1079	0.4747175	-0.07527982	0.08784021	0.8560031
1080	0.4712654	-0.08137997	0.08566412	0.8567964
1081	0.4607225	-0.08758949	0.08367722	0.8575898
1082	0.4545828	-0.09291247	0.08122734	0.8583831
1083	0.4433891	-0.0978446	0.07888577	0.8591764
1084	0.4338841	-0.102007	0.07613163	0.8599697
1085	0.4219556	-0.105569	0.0734519	0.8607631
1086	0.4088212	-0.1083445	0.07051073	0.8615564
1087	0.3983999	-0.1108562	0.06761412	0.8623497
1088	0.3797444	-0.1118874	0.06457864	0.8631431
1089	0.3723266	-0.1137048	0.06149928	0.8639364
1090	0.3503812	-0.1130354	0.05830224	0.8647297
1091	0.3432566	-0.1140899	0.05517339	0.865523
1092	0.3208934	-0.1120761	0.05216396	0.8663164
1093	0.3105859	-0.1117369	0.04900487	0.8671097
1094	0.2903471	-0.1086321	0.04584171	0.8679031
1095	0.2772976	-0.106694	0.04268619	0.8686964
1096	0.2582045	-0.102505	0.03946341	0.8694897
1097	0.2399181	-0.09777558	0.03620617	0.870283
1098	0.2251307	-0.09327887	0.03292874	0.8710763
1099	0.2005643	-0.0849539	0.0296257	0.8718697
1100	0.1886215	-0.0798616	0.0262351	0.872663
1101	0.1604785	-0.06833783	0.02291646	0.8734564
1102	0.1480116	-0.0615612	0.01951134	0.8742497
1103	0.1196702	-0.04774877	0.01616094	0.875043
1104	0.1048929	-0.03862293	0.01287168	0.8758364
1105	0.07868646	-0.02359866	0.009566439	0.8766297
1106	0.06113534	-0.01163553	0.006388333	0.877423
1107	0.03864368	0.003696585	0.0031772	0.8782163
1108	0.01722499	0.01923242	0.000203805	0.8790097
1109	-0.000318012	0.03383628	-0.00284265	0.879803
1110	-0.02417922	0.05256857	-0.005617467	0.8805963
1111	-0.03974941	0.06780551	-0.008502245	0.8813897
1112	-0.06153598	0.08728776	-0.01102885	0.882183
1113	-0.0768588	0.1038823	-0.0136552	0.8829763
1114	-0.09597577	0.1236249	-0.01603298	0.8837696
1115	-0.1110764	0.1415087	-0.01822516	0.884563
1116	-0.1272126	0.1609171	-0.02021474	0.8853563
1117	-0.1430411	0.1807465	-0.02199476	0.8861496
1118	-0.1539965	0.197841	-0.02361046	0.886943
1119	-0.1706733	0.2198175	-0.02490949	0.8877363
1120	-0.1784934	0.2357976	-0.02610257	0.8885296
1121	-0.1932513	0.2578902	-0.02706529	0.8893229
1122	-0.2006991	0.2747809	-0.02793304	0.8901163
1123	-0.2110841	0.294715	-0.02839315	0.8909096
1124	-0.2198405	0.3140103	-0.02884457	0.891703
1125	-0.2257683	0.3312273	-0.02893884	0.8924963
1126	-0.2352859	0.3526574	-0.028956	0.8932896
1127	-0.2362546	0.3660276	-0.0286702	0.894083
1128	-0.247572	0.3907211	-0.02820625	0.8948762
1129	-0.2436187	0.3994979	-0.02751964	0.8956696
1130	-0.2545533	0.4251736	-0.02654842	0.8964629
1131	-0.2500785	0.4338154	-0.0254718	0.8972563
1132	-0.2579731	0.457525	-0.02409376	0.8980496
1133	-0.2547415	0.4680444	-0.02261955	0.8988429
1134	-0.2582756	0.4874119	-0.02079266	0.8996363
1135	-0.2561659	0.4998884	-0.01884793	0.9004295
1136	-0.2554361	0.5149251	-0.01677709	0.9012229
1137	-0.255529	0.5307717	-0.01428234	0.9020162
1138	-0.2496094	0.5392343	-0.01198	0.9028096
1139	-0.2518874	0.5602913	-0.009345295	0.9036029
1140	-0.2426771	0.5632864	-0.006677727	0.9043962
1141	-0.2442699	0.5846736	-0.003818109	0.9051896
1142	-0.2341494	0.5858834	-0.000969646	0.9059829
1143	-0.2340289	0.6054525	0.001944485	0.9067762
1144	-0.2241185	0.6070591	0.00467379	0.9075695
1145	-0.2213309	0.6226224	0.007406999	0.9083629
1146	-0.212749	0.6265846	0.01002404	0.9091562
1147	-0.2068178	0.6368351	0.012403	0.9099495
1148	-0.200145	0.644971	0.01495061	0.9107429
1149	-0.1910991	0.6480907	0.01726707	0.9115362
1150	-0.1856729	0.6602738	0.0197888	0.9123296
1151	-0.1747138	0.6578681	0.02228439	0.9131228
1152	-0.1697497	0.6719769	0.02509005	0.9139162
1153	-0.1582096	0.6670684	0.02793932	0.9147095
1154	-0.1523363	0.6797831	0.0310247	0.9155028
1155	-0.1412711	0.6753396	0.03424731	0.9162962
1156	-0.1337822	0.6841344	0.03745597	0.9170895
1157	-0.1237527	0.6824028	0.04095619	0.9178829
1158	-0.1143741	0.6839926	0.04426035	0.9186761
1159	-0.1053925	0.6865122	0.04778877	0.9194695
1160	-0.09472392	0.6813448	0.05099622	0.9202628
1161	-0.08630554	0.6867979	0.05439055	0.9210562
1162	-0.07513821	0.6788726	0.05725334	0.9218495
1163	-0.06665404	0.6837509	0.06047141	0.9226428
1164	-0.05612086	0.6744673	0.06340875	0.9234362
1165	-0.04713539	0.6776822	0.06636482	0.9242295
1166	-0.03722862	0.6688625	0.06937275	0.9250228
1167	-0.027949	0.6681481	0.07226695	0.9258161
1168	-0.01853476	0.6632046	0.07526243	0.9266095
1169	-0.009019225	0.6560812	0.07803366	0.9274028
1170	-3.14E-05	0.6545397	0.08104499	0.9281961
1171	0.009285853	0.642858	0.08366442	0.9289895
1172	0.01813882	0.6427145	0.08646367	0.9297828
1173	0.02680945	0.6289704	0.08879992	0.9305761
1174	0.03565141	0.6279408	0.09113664	0.9313694
1175	0.04366516	0.6140692	0.09314118	0.9321628
1176	0.05219274	0.6098644	0.09493369	0.9329561
1177	0.0599652	0.5991201	0.09647217	0.9337494
1178	0.06763767	0.5892311	0.09771923	0.9345428
1179	0.07540545	0.5823942	0.09893017	0.9353361
1180	0.08189209	0.5673372	0.09971987	0.9361295
1181	0.08979587	0.5634553	0.1006178	0.9369227
1182	0.09511165	0.5453596	0.1011023	0.9377161
1183	0.1029375	0.5416706	0.101664	0.9385094
1184	0.1074199	0.5232721	0.1019331	0.9393027
1185	0.114808	0.5183081	0.1021409	0.9400961
1186	0.1187367	0.5007663	0.1022337	0.9408894
1187	0.1255803	0.4931441	0.1018365	0.9416828
1188	0.1299162	0.4794441	0.1016785	0.9424761
1189	0.1340605	0.4659837	0.1011481	0.9432694
1190	0.1390584	0.456285	0.1006948	0.9440627
1191	0.1413937	0.4392555	0.09976852	0.944856
1192	0.1469249	0.4320403	0.09891926	0.9456494
1193	0.1475283	0.4125672	0.09776021	0.9464427
1194	0.1529733	0.4058315	0.09626904	0.9472361
1195	0.1527348	0.3866318	0.09490506	0.9480294
1196	0.1575125	0.3790427	0.09331239	0.9488227
1197	0.156987	0.3611779	0.09182006	0.949616
1198	0.1603024	0.3512142	0.0898737	0.9504094
1199	0.1602412	0.3358737	0.08817161	0.9512027
1200	0.1613476	0.3228735	0.08592561	0.951996
1201	0.1619968	0.3102046	0.08400755	0.9527894
1202	0.161688	0.2961132	0.08150236	0.9535827
1203	0.1619125	0.2838213	0.07924722	0.954376
1204	0.1609026	0.2699284	0.07649948	0.9551693
1205	0.1616466	0.2585155	0.07353099	0.9559627
1206	0.1597743	0.2445226	0.07051675	0.956756
1207	0.1582374	0.2315866	0.06735126	0.9575493
1208	0.155917	0.2185395	0.06430969	0.9583427
1209	0.1525488	0.204345	0.06087286	0.959136
1210	0.1503427	0.1926004	0.05777506	0.9599293
1211	0.1465252	0.1789898	0.05416359	0.9607227
1212	0.1429844	0.1667072	0.05105061	0.961516
1213	0.1397812	0.1549558	0.04745434	0.9623093
1214	0.1345563	0.141785	0.04427429	0.9631026
1215	0.1312448	0.1310708	0.04081703	0.963896
1216	0.1248231	0.1177794	0.03754502	0.9646893
1217	0.1217946	0.1086044	0.03428024	0.9654827
1218	0.1134598	0.09479092	0.03092954	0.966276
1219	0.11142	0.08760308	0.02776052	0.9670693
1220	0.1011037	0.07324842	0.02434251	0.9678626
1221	0.09889072	0.06683999	0.02133767	0.9686559
1222	0.08910267	0.05425103	0.01794325	0.9694493
1223	0.08526237	0.0473095	0.01488029	0.9702426
1224	0.07535747	0.03593223	0.0115354	0.971036
1225	0.07001573	0.0286234	0.008389525	0.9718293
1226	0.06029485	0.01857602	0.005198074	0.9726226
1227	0.0523814	0.01039708	0.002031825	0.9734159
1228	0.04388684	0.002460332	-0.000886985	0.9742092
1229	0.0330935	-0.00653054	-0.003996402	0.9750026
1230	0.02641492	-0.01213677	-0.006638112	0.9757959
1231	0.01440412	-0.02059924	-0.009641902	0.9765893
1232	0.007943899	-0.02496675	-0.01209947	0.9773826
1233	-0.004119242	-0.03205186	-0.01482675	0.9781759
1234	-0.009912271	-0.03502015	-0.0170132	0.9789693
1235	-0.02210118	-0.04075038	-0.01923302	0.9797626
1236	-0.02727174	-0.04249703	-0.02117139	0.9805559
1237	-0.03915334	-0.04678448	-0.02289853	0.9813492
1238	-0.04597838	-0.04836186	-0.02455583	0.9821426
1239	-0.05630184	-0.05063557	-0.02568055	0.9829359
1240	-0.06363655	-0.05176537	-0.02711144	0.9837292
1241	-0.07269452	-0.05269793	-0.02782403	0.9845226
1242	-0.08122139	-0.05323763	-0.0288335	0.9853159
1243	-0.0902435	-0.05334086	-0.02922692	0.9861092
1244	-0.1007485	-0.05353747	-0.02980689	0.9869025
1245	-0.1091475	-0.05257362	-0.02987825	0.9876959
1246	-0.120875	-0.05202564	-0.02992442	0.9884892
1247	-0.1294977	-0.05025128	-0.02975495	0.9892825
1248	-0.1409081	-0.04848052	-0.02922481	0.9900759
1249	-0.1513011	-0.04614448	-0.02875254	0.9908692
1250	-0.1624023	-0.04308921	-0.02768863	0.9916625
1251	-0.1738667	-0.03986503	-0.02682202	0.9924558
1252	-0.1846941	-0.0356153	-0.02526497	0.9932492
1253	-0.1963412	-0.03109287	-0.02382704	0.9940425
1254	-0.2069612	-0.02566079	-0.02179286	0.9948359
1255	-0.2192795	-0.01987782	-0.0197988	0.9956292
1256	-0.2281834	-0.01323697	-0.01750077	0.9964225
1257	-0.240978	-0.006217816	-0.01493086	0.9972159
1258	-0.2502523	0.001297639	-0.01238716	0.9980091
1259	-0.2597899	0.009471541	-0.009449743	0.9988025
1260	-0.2690994	0.01768489	-0.006736582	0.9995958
1261	-0.2763751	0.02656507	-0.003568772	1.000389
1262	-0.2839146	0.03522525	-0.000871619	1.001182
1263	-0.2889567	0.04416203	0.002173756	1.001976
1264	-0.2952463	0.05286601	0.004782155	1.002769
1265	-0.2968835	0.06128797	0.00749928	1.003562
1266	-0.3026493	0.06991192	0.01004123	1.004356
1267	-0.3027535	0.07792789	0.01252872	1.005149
1268	-0.3067666	0.08651475	0.0151467	1.005942
1269	-0.306853	0.09450199	0.01747516	1.006736
1270	-0.3103107	0.1034308	0.02024078	1.007529
1271	-0.3119026	0.1121176	0.02273699	1.008322
1272	-0.3143962	0.1216886	0.02581368	1.009116
1273	-0.3177504	0.1316384	0.0286187	1.009909
1274	-0.3195848	0.1418994	0.03195306	1.010702
1275	-0.3252506	0.1533907	0.03516368	1.011496
1276	-0.3256451	0.163883	0.03850891	1.012289
1277	-0.3321556	0.1763945	0.0419657	1.013082
1278	-0.3309479	0.1867	0.04520946	1.013876
1279	-0.3370851	0.199609	0.04866689	1.014669
1280	-0.3361155	0.209982	0.05167085	1.015462
1281	-0.3410758	0.2227608	0.05508402	1.016256
1282	-0.3404945	0.2332493	0.05788093	1.017049
1283	-0.3438438	0.2456017	0.06112857	1.017842
1284	-0.3441381	0.2567298	0.06392954	1.018636
1285	-0.3459231	0.2687529	0.06694219	1.019429
1286	-0.3475954	0.2810088	0.06979751	1.020222
1287	-0.3469827	0.2922998	0.07262754	1.021016
1288	-0.3498386	0.3057967	0.07516789	1.021809
1289	-0.347582	0.3165356	0.077888	1.022602
1290	-0.3499175	0.3302398	0.08078332	1.023396
1291	-0.3466316	0.340447	0.08312292	1.024189
1292	-0.3490751	0.3543806	0.085751	1.024982
1293	-0.3441249	0.3633482	0.08731485	1.025776
1294	-0.3437091	0.3752687	0.08957081	1.026569
1295	-0.3382225	0.383488	0.0911531	1.027362
1296	-0.3359618	0.3936349	0.09267154	1.028156
1297	-0.3307141	0.401577	0.09390979	1.028949
1298	-0.3259576	0.4094934	0.09493639	1.029742
1299	-0.3207496	0.4171443	0.0959672	1.030536
1300	-0.3140599	0.4230554	0.09648753	1.031329
1301	-0.3094257	0.4309285	0.09729198	1.032122
1302	-0.301023	0.4349146	0.09753859	1.032916
1303	-0.2968255	0.4428693	0.09807124	1.033709
1304	-0.287378	0.4455875	0.09812063	1.034502
1305	-0.2832758	0.4533937	0.0982093	1.035296
1306	-0.2732415	0.4551032	0.09792796	1.036089
1307	-0.2672438	0.4606152	0.09747259	1.036882
1308	-0.2583148	0.4630214	0.09695938	1.037676
1309	-0.2514642	0.4672199	0.09598149	1.038469
1310	-0.2427019	0.4694682	0.09517028	1.039262
1311	-0.2343033	0.4716385	0.09406211	1.040056
1312	-0.2263142	0.4745045	0.09295593	1.040849
1313	-0.2173926	0.4757887	0.09134133	1.041642
1314	-0.2095257	0.4785705	0.08990552	1.042436
1315	-0.2004312	0.479516	0.08846375	1.043229
1316	-0.1924617	0.4819122	0.08691071	1.044022
1317	-0.1839033	0.4836264	0.0853231	1.044816
1318	-0.1755401	0.4853086	0.08352581	1.045609
1319	-0.1665397	0.4863181	0.08190255	1.046402
1320	-0.1579107	0.4872327	0.07980692	1.047196
1321	-0.1493925	0.4887882	0.07805426	1.047989
1322	-0.1405073	0.488993	0.07568994	1.048782
1323	-0.1321938	0.4904007	0.07361751	1.049576
1324	-0.123719	0.4908897	0.07097394	1.050369
1325	-0.1153675	0.491659	0.06856846	1.051162
1326	-0.1068005	0.4918637	0.06574158	1.051956
1327	-0.09865656	0.4925383	0.06284957	1.052749
1328	-0.09048466	0.4934023	0.05982757	1.053542
1329	-0.08188358	0.4924822	0.05674253	1.054336
1330	-0.07400006	0.4939152	0.05381468	1.055129
1331	-0.06516779	0.4918534	0.05054175	1.055922
1332	-0.05742295	0.4933621	0.04761285	1.056716
1333	-0.04881064	0.491476	0.04433556	1.057509
1334	-0.04076668	0.4914134	0.04138222	1.058302
1335	-0.03234198	0.4895886	0.0381259	1.059096
1336	-0.02444357	0.4890976	0.03509639	1.059889
1337	-0.01624753	0.4875894	0.03185523	1.060682
1338	-0.008256469	0.4857305	0.02865974	1.061476
1339	-0.000171926	0.4843335	0.02556256	1.062269
1340	0.007832891	0.4815154	0.02226087	1.063062
1341	0.0156051	0.4810377	0.01925253	1.063856
1342	0.02356837	0.4775916	0.01589373	1.064649
1343	0.03124184	0.4767985	0.0128595	1.065442
1344	0.03914348	0.4732375	0.009580403	1.066236
1345	0.04669231	0.4719429	0.006574845	1.067029
1346	0.05439145	0.4694206	0.003461829	1.067822
1347	0.06189444	0.4670008	0.000525862	1.068616
1348	0.06955997	0.4647209	-0.002284007	1.069409
1349	0.07693241	0.4617656	-0.005135028	1.070202
1350	0.08455264	0.4601853	-0.007626805	1.070996
1351	0.09179834	0.456078	-0.01033296	1.071789
1352	0.09933074	0.4546327	-0.01256038	1.072582
1353	0.1064705	0.4504966	-0.01511308	1.073375
1354	0.1139081	0.4489034	-0.01719316	1.074169
1355	0.1210105	0.4446167	-0.01945791	1.074962
1356	0.1283589	0.4431122	-0.02122683	1.075755
1357	0.135446	0.4387108	-0.02302667	1.076549
1358	0.1426482	0.4366769	-0.02460903	1.077342
1359	0.1497174	0.4325753	-0.02596795	1.078135
1360	0.1567895	0.4298312	-0.02719984	1.078929
1361	0.1639927	0.4265131	-0.02789411	1.079722
1362	0.1708477	0.4226212	-0.02878774	1.080516
1363	0.1781852	0.4201625	-0.02905877	1.081309
1364	0.184963	0.4157744	-0.02945628	1.082102
1365	0.1922228	0.4131277	-0.02934423	1.082896
1366	0.1990909	0.4089395	-0.02923773	1.083689
1367	0.2062457	0.406009	-0.02868336	1.084482
1368	0.2130275	0.4013914	-0.02801135	1.085275
1369	0.2203322	0.3989124	-0.02708227	1.086069
1370	0.2270231	0.3939726	-0.02588185	1.086862
1371	0.2343007	0.3912657	-0.02454022	1.087655
1372	0.2409357	0.386273	-0.02283509	1.088449
1373	0.2480494	0.3828702	-0.021088	1.089242
1374	0.2547846	0.3783041	-0.01890555	1.090035
1375	0.2618227	0.3745052	-0.01663226	1.090829
1376	0.2683788	0.3697403	-0.01418605	1.091622
1377	0.275681	0.366124	-0.01152677	1.092415
1378	0.2822607	0.3614783	-0.008759445	1.093209
1379	0.2896456	0.3578434	-0.005759973	1.094002
1380	0.2958798	0.3525012	-0.002930997	1.094795
1381	0.303656	0.3492984	-3.20E-05	1.095589
1382	0.3098801	0.3437088	0.002845359	1.096382
1383	0.3179129	0.3406889	0.005872206	1.097175
1384	0.3240891	0.3347268	0.00862114	1.097969
1385	0.3320715	0.3314529	0.01161708	1.098762
1386	0.3384455	0.3255193	0.01447929	1.099555
1387	0.3462992	0.3218259	0.01732762	1.100349
1388	0.3530679	0.3161407	0.02035603	1.101142
1389	0.3610737	0.3123582	0.02322661	1.101935
1390	0.3681113	0.3067164	0.02625543	1.102729
1391	0.3751693	0.3014986	0.02909783	1.103522
1392	0.3833631	0.2970171	0.03210525	1.104315
1393	0.3891816	0.2900894	0.03484269	1.105109
1394	0.3981684	0.2863092	0.03767639	1.105902
1395	0.4033914	0.2784953	0.04038871	1.106695
1396	0.4129737	0.2750697	0.04312786	1.107489
1397	0.4179002	0.2667819	0.04578943	1.108282
1398	0.4277763	0.2633583	0.04837543	1.109075
1399	0.4319175	0.254249	0.05096714	1.109869
1400	0.4416261	0.2504063	0.05325353	1.110662
1401	0.4460508	0.2415225	0.05600081	1.111455
1402	0.4547852	0.2365717	0.05835171	1.112249
1403	0.4600426	0.2283758	0.06096312	1.113042
1404	0.4670497	0.2217439	0.06335288	1.113835
1405	0.4739933	0.2147684	0.0659264	1.114629
1406	0.4792984	0.2066189	0.06822835	1.115422
1407	0.4878664	0.2005996	0.07064149	1.116215
1408	0.4906844	0.1906251	0.07297746	1.117009
1409	0.501308	0.1856711	0.07512149	1.117802
1410	0.5030188	0.1749415	0.07738233	1.118595
1411	0.5131546	0.1693553	0.07925364	1.119389
1412	0.5150794	0.1587564	0.08125687	1.120182
1413	0.5245686	0.1524732	0.08284541	1.120975
1414	0.5273331	0.1424051	0.0845255	1.121769
1415	0.5350821	0.1349503	0.08571231	1.122562
1416	0.5389274	0.1255213	0.08696178	1.123355
1417	0.5441271	0.1167656	0.08781667	1.124149
1418	0.5502378	0.1083925	0.08843416	1.124942
1419	0.5518429	0.09814049	0.08905362	1.125735
1420	0.5592974	0.09031776	0.08942014	1.126529
1421	0.5589007	0.07947376	0.0897269	1.127322
1422	0.5664984	0.07165051	0.08976269	1.128115
1423	0.5650301	0.06073876	0.0897997	1.128909
1424	0.5714452	0.0524318	0.08962229	1.129702
1425	0.5696926	0.04180349	0.08943953	1.130495
1426	0.5739059	0.03289929	0.08906415	1.131289
1427	0.5735438	0.02304574	0.08860391	1.132082
1428	0.5743051	0.01353972	0.08836318	1.132875
1429	0.5748868	0.004377015	0.08742339	1.133669
1430	0.5720589	-0.005378672	0.08656274	1.134462
1431	0.5728947	-0.01401114	0.08541489	1.135255
1432	0.5670927	-0.02367136	0.0843058	1.136049
1433	0.5668106	-0.03207827	0.08292884	1.136842
1434	0.560608	-0.04104978	0.08157524	1.137635
1435	0.558797	-0.04931143	0.0800176	1.138429
1436	0.5518292	-0.0577147	0.0783902	1.139222
1437	0.5477405	-0.06586903	0.07679129	1.140015
1438	0.5426184	-0.07369464	0.07507738	1.140809
1439	0.5350354	-0.08163679	0.07345245	1.141602
1440	0.5309389	-0.08885925	0.07153059	1.142395
1441	0.5215178	-0.09616517	0.0697721	1.143189
1442	0.5156761	-0.1028039	0.06767286	1.143982
1443	0.5053826	-0.1092088	0.06572805	1.144775
1444	0.497381	-0.1149229	0.06339673	1.145569
1445	0.4859504	-0.1199511	0.06106208	1.146362
1446	0.4741024	-0.1242543	0.05846055	1.147155
1447	0.4637077	-0.1281248	0.05583724	1.147949
1448	0.4463161	-0.1306007	0.05306333	1.148742
1449	0.4387908	-0.133663	0.05021086	1.149535
1450	0.4173458	-0.1342624	0.04734698	1.150329
1451	0.4093738	-0.1362782	0.04418375	1.151122
1452	0.3873171	-0.1354174	0.04132026	1.151915
1453	0.3765521	-0.1361433	0.03835341	1.152709
1454	0.3567199	-0.1342572	0.03534578	1.153502
1455	0.3427687	-0.1332282	0.03233036	1.154295
1456	0.3247582	-0.1305587	0.0293926	1.155089
1457	0.3058884	-0.1270166	0.02641217	1.155882
1458	0.2915675	-0.1240448	0.02343541	1.156675
1459	0.267263	-0.1172418	0.02044868	1.157469
1460	0.2563084	-0.1139776	0.01747925	1.158262
1461	0.2283934	-0.1040532	0.01452002	1.159055
1462	0.2165585	-0.09906189	0.01155541	1.159848
1463	0.1884631	-0.08689405	0.008601682	1.160642
1464	0.1741652	-0.07945415	0.005718014	1.161435
1465	0.1479291	-0.06590462	0.002848	1.162228
1466	0.1301088	-0.05529509	8.66E-05	1.163022
1467	0.1073248	-0.04125866	-0.002719743	1.163815
1468	0.08518023	-0.02673827	-0.005328883	1.164608
1469	0.0670966	-0.01320058	-0.008003042	1.165402
1470	0.04243386	0.004565245	-0.01040179	1.166195
1471	0.02559796	0.01911493	-0.01297703	1.166988
1472	0.001988625	0.03836703	-0.01511268	1.167782
1473	-0.01497067	0.05470399	-0.01735031	1.168575
1474	-0.0357769	0.07426204	-0.01927903	1.169369
1475	-0.0524939	0.09204543	-0.02116965	1.170162
1476	-0.07017113	0.1114026	-0.02284656	1.170955
1477	-0.08751079	0.1312631	-0.02431423	1.171748
1478	-0.1001032	0.1485012	-0.02563979	1.172542
1479	-0.118853	0.1709961	-0.0265926	1.173335
1480	-0.1282362	0.187127	-0.02769784	1.174128
1481	-0.1445546	0.2093735	-0.0282706	1.174922
1482	-0.1538483	0.2267784	-0.02891655	1.175715
1483	-0.1661547	0.2472729	-0.02913249	1.176508
1484	-0.1762225	0.2666743	-0.02936083	1.177302
1485	-0.1834576	0.2840209	-0.02923981	1.178095
1486	-0.1950187	0.3063455	-0.02906708	1.178888
1487	-0.197197	0.3199321	-0.02861387	1.179682
1488	-0.2102201	0.3454223	-0.02801116	1.180475
1489	-0.2075155	0.3546099	-0.02718728	1.181268
1490	-0.2198603	0.3809942	-0.02608255	1.182062
1491	-0.2165298	0.3899303	-0.02483297	1.182855
1492	-0.2254744	0.4139379	-0.02326936	1.183648
1493	-0.2233315	0.4248957	-0.0215902	1.184442
1494	-0.2280386	0.4448335	-0.01953588	1.185235
1495	-0.226939	0.4571532	-0.01721587	1.186028
1496	-0.227445	0.4730575	-0.01496773	1.186822
1497	-0.2293056	0.4920659	-0.01269896	1.187615
1498	-0.2236564	0.4984595	-0.009845759	1.188408
1499	-0.2267897	0.5192338	-0.006985107	1.189202
1500	-0.2189737	0.5239392	-0.004466285	1.189995
1501	-0.221324	0.5451916	-0.001668748	1.190788
1502	-0.2121568	0.5471957	0.000874007	1.191582
1503	-0.212861	0.5670176	0.003509571	1.192375
1504	-0.2037266	0.5687464	0.005973029	1.193168
1505	-0.2018358	0.5851236	0.008330056	1.193962
1506	-0.1940075	0.5892717	0.01073751	1.194755
1507	-0.1888677	0.5998101	0.01302053	1.195548
1508	-0.1827771	0.60829	0.01552526	1.196342
1509	-0.1745068	0.6117529	0.01803779	1.197135
1510	-0.1698468	0.6243259	0.02084185	1.197928
1511	-0.1594394	0.6223485	0.02361098	1.198722
1512	-0.1550407	0.6364059	0.02680179	1.199515
1513	-0.1441657	0.6319191	0.02995357	1.200308
1514	-0.1388644	0.6450006	0.03323869	1.201102
1515	-0.1283591	0.6407024	0.03657185	1.201895
1516	-0.1214692	0.649565	0.03979822	1.202688
1517	-0.1119658	0.6483701	0.04304898	1.203482
1518	-0.1031457	0.6499767	0.04605612	1.204275
1519	-0.09476727	0.6529164	0.04918102	1.205068
1520	-0.08460885	0.6481739	0.0519063	1.205862
1521	-0.07667457	0.6533914	0.05489803	1.206655
1522	-0.066323	0.6457305	0.05748119	1.207448
1523	-0.05791089	0.6507457	0.06013177	1.208242
1524	-0.04798136	0.6418328	0.06277438	1.209035
1525	-0.03945177	0.6447194	0.06544375	1.209828
1526	-0.02995745	0.6368252	0.06799113	1.210622
1527	-0.02111281	0.6354957	0.07041584	1.211415
1528	-0.01222672	0.630653	0.07281606	1.212208
1529	-0.003078643	0.623249	0.07475228	1.213002
1530	0.005425615	0.6217206	0.07680283	1.213795
1531	0.01424011	0.6096254	0.07828251	1.214588
1532	0.02273502	0.6100739	0.07980571	1.215382
1533	0.03090903	0.5957348	0.0808564	1.216175
1534	0.03927178	0.5945461	0.08188928	1.216968
1535	0.04687643	0.5807127	0.08257	1.217762
1536	0.05490392	0.5763897	0.08312373	1.218555
1537	0.06215569	0.5653912	0.08354826	1.219348
1538	0.06940956	0.555546	0.0837194	1.220142
1539	0.07668108	0.5488024	0.08396272	1.220935
1540	0.08254721	0.5329694	0.08389586	1.221728
1541	0.09002255	0.5294308	0.08398087	1.222522
1542	0.09478129	0.5112512	0.08375843	1.223315
1543	0.1021079	0.5077795	0.08364764	1.224108
1544	0.1060625	0.4893187	0.08330027	1.224902
1545	0.1130162	0.484843	0.08295617	1.225695
1546	0.116365	0.4671881	0.08255364	1.226488
1547	0.1223154	0.4596273	0.08193706	1.227282
1548	0.126608	0.4460467	0.08116829	1.228075
1549	0.1302122	0.4329462	0.08038799	1.228868
1550	0.1346557	0.4231405	0.07971344	1.229662
1551	0.1365743	0.4064887	0.0786166	1.230455
1552	0.1415502	0.3992872	0.07766252	1.231248
1553	0.1418642	0.3804803	0.07636613	1.232041
1554	0.146698	0.3737092	0.07505351	1.232835
1555	0.1460385	0.3549583	0.07373244	1.233628
1556	0.1502739	0.3475375	0.07194553	1.234421
1557	0.1492607	0.3299659	0.07044913	1.235215
1558	0.1520331	0.3203356	0.06850056	1.236008
1559	0.1517671	0.3058571	0.06688286	1.236802
1560	0.1524534	0.2932897	0.06477174	1.237595
1561	0.152581	0.2808895	0.0630595	1.238388
1562	0.1521862	0.2677519	0.06078323	1.239182
1563	0.1519383	0.2558436	0.05888028	1.239975
1564	0.150738	0.2427269	0.05649641	1.240768
1565	0.1500612	0.2311056	0.05426344	1.241562
1566	0.1477375	0.2177437	0.05182193	1.242355
1567	0.1463806	0.2060397	0.04920335	1.243148
1568	0.1452988	0.1946457	0.04640858	1.243941
1569	0.1415153	0.1807242	0.04348096	1.244735
1570	0.1390951	0.1695203	0.04087136	1.245528
1571	0.1350356	0.1564975	0.03780364	1.246321
1572	0.1309872	0.1444939	0.03522919	1.247115
1573	0.1273644	0.1331233	0.03217441	1.247908
1574	0.1218125	0.1204293	0.029489	1.248701
1575	0.1184247	0.1104815	0.02650732	1.249495
1576	0.1117382	0.09775079	0.0236881	1.250288
1577	0.1085857	0.08917429	0.02086333	1.251081
1578	0.09999813	0.07582608	0.01796826	1.251875
1579	0.09748774	0.06901143	0.01531377	1.252668
1580	0.08726007	0.05557996	0.01237128	1.253461
1581	0.08515228	0.0500831	0.009784598	1.254255
1582	0.07540035	0.03838031	0.006896588	1.255048
1583	0.07214817	0.03274887	0.00442703	1.255841
1584	0.06260186	0.02249949	0.001637061	1.256635
1585	0.05771155	0.01639855	-0.000907665	1.257428
1586	0.04876757	0.007800624	-0.00348789	1.258221
1587	0.04176728	0.001026252	-0.006092066	1.259015
1588	0.03455469	-0.005372189	-0.008478555	1.259808
1589	0.0241695	-0.01351057	-0.01110581	1.260601
1590	0.01794295	-0.01822398	-0.01320748	1.261395
1591	0.005965998	-0.02617252	-0.01566235	1.262188
1592	-6.41E-06	-0.02985301	-0.01754392	1.262981
1593	-0.01283136	-0.03699413	-0.01982624	1.263775
1594	-0.0191381	-0.03989865	-0.02159492	1.264568
1595	-0.03228214	-0.04581542	-0.02349466	1.265361
1596	-0.03843515	-0.0477118	-0.02500486	1.266155
1597	-0.05217677	-0.052292	-0.02627962	1.266948
1598	-0.05854869	-0.05348435	-0.02762406	1.267741
1599	-0.06956692	-0.05577707	-0.02844411	1.268535
1600	-0.07842491	-0.05688513	-0.02943689	1.269328
1601	-0.08790635	-0.05749084	-0.02974098	1.270121
1602	-0.09715691	-0.05777332	-0.03031478	1.270915
1603	-0.1061628	-0.05724932	-0.03020464	1.271708
1604	-0.1171654	-0.05697158	-0.03030602	1.272501
1605	-0.125203	-0.05527299	-0.02990686	1.273295
1606	-0.1374589	-0.05421006	-0.02942712	1.274088
1607	-0.1452391	-0.05155883	-0.02872241	1.274881
1608	-0.1572367	-0.04921936	-0.02767937	1.275675
1609	-0.1670253	-0.04611954	-0.02672159	1.276468
1610	-0.1785583	-0.04253403	-0.02518268	1.277261
1611	-0.1891591	-0.03849009	-0.02383492	1.278055
1612	-0.2004916	-0.03367665	-0.02185975	1.278848
1613	-0.2114716	-0.02849819	-0.02005774	1.279641
1614	-0.2221781	-0.02258129	-0.01769688	1.280435
1615	-0.2333912	-0.01627472	-0.01539206	1.281228
1616	-0.2416425	-0.009293833	-0.01288263	1.282021
1617	-0.2529711	-0.002087037	-0.01026544	1.282815
1618	-0.259843	0.005472226	-0.007699857	1.283608
1619	-0.2682373	0.01346332	-0.004858334	1.284401
1620	-0.2746182	0.02127641	-0.002341195	1.285195
1621	-0.280454	0.02949782	0.000541054	1.285988
1622	-0.2850414	0.03729018	0.0029101	1.286781
1623	-0.2883309	0.04531682	0.005574682	1.287575
1624	-0.2926418	0.05308868	0.007886171	1.288368
1625	-0.2929863	0.0607965	0.01037394	1.289161
1626	-0.2985819	0.06894658	0.01283666	1.289955
1627	-0.2979527	0.0767265	0.01530205	1.290748
1628	-0.303618	0.08557384	0.01811253	1.291541
1629	-0.3037681	0.09387113	0.02068427	1.292335
1630	-0.3087727	0.1035751	0.02386769	1.293128
1631	-0.3109834	0.1128936	0.02665735	1.293921
1632	-0.3147075	0.1231159	0.02999882	1.294715
1633	-0.3176283	0.1332104	0.03297734	1.295508
1634	-0.320039	0.1436031	0.03629827	1.296301
1635	-0.3251765	0.1547097	0.03939972	1.297095
1636	-0.3246819	0.1644291	0.04247675	1.297888
1637	-0.3301093	0.1758502	0.04550928	1.298681
1638	-0.3278666	0.1848308	0.04820698	1.299475
1639	-0.3332703	0.196379	0.05118811	1.300268
1640	-0.3308367	0.2050101	0.05354154	1.301061
1641	-0.3353337	0.2164695	0.05632984	1.301855
1642	-0.3329111	0.2251191	0.05861866	1.302648
1643	-0.3362252	0.2363616	0.06130314	1.303441
1644	-0.3351859	0.2457911	0.06349848	1.304235
1645	-0.3355806	0.2559325	0.06597366	1.305028
1646	-0.3362891	0.2663588	0.06814613	1.305821
1647	-0.3348597	0.2756258	0.07020705	1.306615
1648	-0.335151	0.285916	0.07190146	1.307408
1649	-0.3316204	0.2937291	0.07362611	1.308201
1650	-0.3321985	0.3038831	0.07541742	1.308995
1651	-0.3262124	0.309667	0.07663408	1.309788
1652	-0.3250816	0.3182682	0.07800476	1.310581
1653	-0.3176533	0.3223236	0.07831097	1.311375
1654	-0.3157022	0.3297083	0.07937831	1.312168
1655	-0.3078239	0.332685	0.07973811	1.312961
1656	-0.3027229	0.3371389	0.08008995	1.313755
1657	-0.2953469	0.3396714	0.08021832	1.314548
1658	-0.2883199	0.3418744	0.08012632	1.315341
1659	-0.2816535	0.3443084	0.08010861	1.316134
1660	-0.2731318	0.3445997	0.07965147	1.316928
1661	-0.2678559	0.3477785	0.07949944	1.317721
1662	-0.2582765	0.3467238	0.07892277	1.318514
1663	-0.2532056	0.3498009	0.07861155	1.319308
1664	-0.2429957	0.3479335	0.0780599	1.320101
1665	-0.2377532	0.3508048	0.07759341	1.320894
1666	-0.2285717	0.3497616	0.07695866	1.321688
1667	-0.2231756	0.3525636	0.07624769	1.322481
1668	-0.214744	0.3523375	0.07561405	1.323274
1669	-0.2081828	0.3538477	0.07462901	1.324068
1670	-0.2012419	0.3552931	0.07392412	1.324861
1671	-0.1938768	0.3558069	0.07291966	1.325655
1672	-0.1877726	0.3582464	0.07190032	1.326448
1673	-0.180458	0.3588477	0.07057651	1.327241
1674	-0.1743956	0.3612181	0.06923169	1.328034
1675	-0.1670099	0.3617357	0.06793153	1.328828
1676	-0.1610239	0.3640872	0.06650686	1.329621
1677	-0.15373	0.3646483	0.06500412	1.330414
1678	-0.1476638	0.3666725	0.06329849	1.331208
1679	-0.1409106	0.3680182	0.06176182	1.332001
1680	-0.1344848	0.3693529	0.05978778	1.332794
1681	-0.1280852	0.3712414	0.05817643	1.333588
1682	-0.1215364	0.3722648	0.0560084	1.334381
1683	-0.1155452	0.374813	0.05422525	1.335174
1684	-0.1089945	0.3759373	0.05189945	1.335968
1685	-0.1028382	0.3780275	0.04988092	1.336761
1686	-0.09642138	0.3796241	0.04746196	1.337554
1687	-0.08997494	0.3810376	0.04509569	1.338348
1688	-0.0836452	0.3830458	0.04247454	1.339141
1689	-0.07687822	0.383691	0.03980751	1.339934
1690	-0.07057605	0.3860977	0.03724776	1.340728
1691	-0.06340185	0.3855391	0.03438614	1.341521
1692	-0.05708624	0.3881377	0.03186335	1.342314
1693	-0.04998128	0.3878852	0.02898023	1.343108
1694	-0.04353195	0.3900381	0.02646095	1.343901
1695	-0.03651791	0.3902682	0.0236584	1.344694
1696	-0.02990528	0.3917789	0.02112985	1.345488
1697	-0.02301591	0.3927011	0.01837114	1.346281
1698	-0.01613348	0.3930025	0.01568372	1.347074
1699	-0.009350258	0.3947068	0.01309557	1.347868
1700	-0.002431224	0.39461	0.01031844	1.348661
1701	0.004362937	0.3967158	0.007830509	1.349454
1702	0.01136629	0.3961978	0.005068616	1.350248
1703	0.01830586	0.397681	0.002564168	1.351041
1704	0.02541031	0.3973626	-0.000181	1.351834
1705	0.03241673	0.3979791	-0.00267073	1.352628
1706	0.03956239	0.3982517	-0.005316666	1.353421
1707	0.04659187	0.3983794	-0.007767125	1.354214
1708	0.0538248	0.3994081	-0.01012622	1.355008
1709	0.06088482	0.3986318	-0.0125019	1.355801
1710	0.06825335	0.3999398	-0.0145423	1.356594
1711	0.07533269	0.3983977	-0.01677452	1.357388
1712	0.0828061	0.3998263	-0.01850025	1.358181
1713	0.0899452	0.3981632	-0.02053086	1.358974
1714	0.09746841	0.3994708	-0.02205785	1.359768
1715	0.1047362	0.3974565	-0.02385106	1.360561
1716	0.1122834	0.3985096	-0.02519264	1.361354
1717	0.1196344	0.3967216	-0.02653883	1.362148
1718	0.1271994	0.3970877	-0.02764544	1.362941
1719	0.134675	0.3954107	-0.02850762	1.363734
1720	0.1421896	0.3950968	-0.02939154	1.364528
1721	0.1498857	0.3939885	-0.0297341	1.365321
1722	0.1572068	0.3920245	-0.03017799	1.366114
1723	0.1650746	0.3915231	-0.03010915	1.366908
1724	0.1723842	0.3889827	-0.03010178	1.367701
1725	0.1802154	0.3881648	-0.02958998	1.368494
1726	0.1875727	0.3853604	-0.02909956	1.369288
1727	0.1954972	0.3846799	-0.02822868	1.370081
1728	0.2028182	0.3813647	-0.02724499	1.370874
1729	0.2108955	0.380856	-0.02603523	1.371668
1730	0.2180871	0.3769144	-0.02456237	1.372461
1731	0.2261661	0.3759974	-0.02305088	1.373254
1732	0.2334306	0.372206	-0.02111085	1.374048
1733	0.2413884	0.3704599	-0.01919238	1.374841
1734	0.2487295	0.3669165	-0.01691921	1.375634
1735	0.2567016	0.3646484	-0.01467283	1.376428
1736	0.2639682	0.3609847	-0.01229524	1.377221
1737	0.2718149	0.3581056	-0.009886557	1.378014
1738	0.2793358	0.3548477	-0.007382621	1.378808
1739	0.2870596	0.3513722	-0.004842853	1.379601
1740	0.2943821	0.3476244	-0.002424013	1.380394
				
				
