1	13.25559	0.1895805	0.32552	0.00041889
2	13.54521	-0.3710784	0.3552279	0.00083778
3	20.3265	-0.9188389	0.5424681	0.00125667
4	13.53779	-0.8480275	0.3831556	0.00167556
5	13.4635	-1.080172	0.3934062	0.00209445
6	13.41037	-1.312576	0.4005888	0.00251334
7	13.35613	-1.544133	0.4058424	0.00293223
8	13.31603	-1.776935	0.4088626	0.00335112
9	13.25314	-2.006419	0.4099984	0.00377001
10	13.21798	-2.239986	0.4103823	0.0041889
11	13.1261	-2.463784	0.4102323	0.00460779
12	13.0658	-2.692636	0.4096305	0.00502668
13	12.99509	-2.919135	0.409325	0.00544557
14	12.93015	-3.146518	0.4086626	0.00586446
15	12.84161	-3.368304	0.408266	0.00628335
16	12.75901	-3.590646	0.4080369	0.00670224
17	12.66938	-3.811246	0.408295	0.00712113
18	12.57433	-4.029111	0.4089111	0.00754002
19	12.48241	-4.248125	0.4097754	0.00795891
20	12.36117	-4.456096	0.4110875	0.0083778
21	12.27215	-4.675364	0.4129987	0.00879669
22	12.13217	-4.874806	0.4149933	0.00921558
23	12.04185	-5.092925	0.4175827	0.009634471
24	11.90022	-5.289631	0.4201533	0.01005336
25	11.80097	-5.503456	0.423215	0.01047225
26	11.65452	-5.695738	0.4261154	0.01089114
27	11.53305	-5.898798	0.4299539	0.01131003
28	11.38661	-6.089424	0.4336049	0.01172892
29	11.24384	-6.280041	0.4375433	0.01214781
30	11.0989	-6.469195	0.4414489	0.0125667
31	10.96191	-6.661448	0.4459328	0.01298559
32	10.82762	-6.85513	0.4502818	0.01340448
33	10.66389	-7.029912	0.4545419	0.01382337
34	10.50959	-7.208942	0.458365	0.01424226
35	10.34518	-7.38079	0.4624451	0.01466115
36	10.1873	-7.554771	0.4661207	0.01508004
37	10.02208	-7.723422	0.4698663	0.01549893
38	9.855396	-7.888973	0.4733903	0.01591782
39	9.681046	-8.047873	0.476597	0.01633671
40	9.505147	-8.203038	0.4797265	0.0167556
41	9.331396	-8.358818	0.4825815	0.01717449
42	9.158916	-8.513326	0.485084	0.01759338
43	8.97406	-8.655597	0.4869796	0.01801227
44	8.779573	-8.785398	0.4881822	0.01843116
45	8.602473	-8.929543	0.4890081	0.01885005
46	8.400635	-9.046646	0.4893222	0.01926894
47	8.236858	-9.200171	0.4894461	0.01968783
48	8.021836	-9.296668	0.4881141	0.02010672
49	7.85158	-9.439367	0.4870483	0.02052561
50	7.629715	-9.520144	0.4851383	0.0209445
51	7.461617	-9.660316	0.4830124	0.02136339
52	7.241514	-9.73177	0.4800345	0.02178228
53	7.054467	-9.840408	0.4772338	0.02220117
54	6.851897	-9.923561	0.4748611	0.02262006
55	6.651599	-10.00546	0.4727009	0.02303895
56	6.45264	-10.08279	0.4706883	0.02345784
57	6.240819	-10.13668	0.4678916	0.02387673
58	6.056198	-10.22554	0.4643968	0.02429562
59	5.83565	-10.25436	0.460212	0.02471451
60	5.654175	-10.34098	0.4552012	0.0251334
61	5.440191	-10.36912	0.449749	0.02555229
62	5.256735	-10.44557	0.4440985	0.02597118
63	5.044795	-10.46599	0.4384269	0.02639007
64	4.853799	-10.52083	0.4320329	0.02680896
65	4.646773	-10.53924	0.4257621	0.02722785
66	4.453102	-10.58121	0.4195606	0.02764674
67	4.249741	-10.59593	0.4131137	0.02806563
68	4.050332	-10.61524	0.4069051	0.02848452
69	3.858237	-10.64641	0.4009357	0.02890341
70	3.653381	-10.64143	0.3952569	0.0293223
71	3.470962	-10.68976	0.3900264	0.02974119
72	3.266238	-10.67217	0.3845872	0.03016008
73	3.084476	-10.71565	0.3796029	0.03057897
74	2.878955	-10.67964	0.3741396	0.03099786
75	2.698681	-10.72411	0.3698846	0.03141675
76	2.498125	-10.68782	0.364702	0.03183564
77	2.31437	-10.71262	0.3612525	0.03225453
78	2.118249	-10.67703	0.3569582	0.03267342
79	1.930946	-10.67596	0.3543229	0.03309231
80	1.744978	-10.67086	0.3513846	0.0335112
81	1.555006	-10.63834	0.3493799	0.03393009
82	1.373081	-10.6406	0.3470852	0.03434898
83	1.185443	-10.59594	0.3455971	0.03476787
84	1.006952	-10.60683	0.344546	0.03518676
85	0.8220958	-10.54448	0.3435635	0.03560565
86	0.6461374	-10.56237	0.3439629	0.03602454
87	0.4650811	-10.49181	0.3435926	0.03644343
88	0.2893281	-10.489	0.3455019	0.03686232
89	0.1139852	-10.42944	0.3460351	0.03728121
90	-0.05954475	-10.40843	0.3486099	0.0377001
91	-0.2323183	-10.35686	0.3508305	0.03811899
92	-0.4053833	-10.3067	0.3554783	0.03853788
93	-0.577072	-10.26739	0.3598913	0.03895677
94	-0.7463708	-10.19081	0.3659527	0.03937566
95	-0.9168882	-10.16412	0.372953	0.03979455
96	-1.082729	-10.08555	0.3806678	0.04021344
97	-1.250712	-10.0477	0.3894504	0.04063233
98	-1.413938	-9.979224	0.3979831	0.04105122
99	-1.578994	-9.928953	0.408803	0.04147011
100	-1.739757	-9.861594	0.4184235	0.041889
101	-1.903208	-9.813223	0.4304805	0.04230789
102	-2.06199	-9.748255	0.4414575	0.04272678
103	-2.221369	-9.68956	0.4545009	0.04314567
104	-2.377967	-9.624738	0.4669201	0.04356456
105	-2.53237	-9.555971	0.4813146	0.04398345
106	-2.690642	-9.506495	0.4960668	0.04440234
107	-2.845517	-9.446813	0.5120745	0.04482123
108	-2.999159	-9.384979	0.5288943	0.04524012
109	-3.153656	-9.328122	0.5458227	0.04565901
110	-3.302217	-9.25259	0.5639772	0.0460779
111	-3.459698	-9.204261	0.5821071	0.04649679
112	-3.607635	-9.1296	0.600791	0.04691568
113	-3.766259	-9.085166	0.618818	0.04733457
114	-3.910376	-9.004985	0.6376316	0.04775346
115	-4.063941	-8.947986	0.6569949	0.04817235
116	-4.203429	-8.860523	0.6773126	0.04859124
117	-4.354952	-8.799099	0.6979409	0.04901013
118	-4.499045	-8.722973	0.7176886	0.04942902
119	-4.644905	-8.651643	0.7357242	0.04984791
120	-4.789151	-8.580005	0.7493523	0.0502668
121	-4.932629	-8.509482	0.7591283	0.05068569
122	-5.080628	-8.449477	0.7618399	0.05110458
123	-5.223846	-8.383227	0.7600983	0.05152347
124	-5.375311	-8.33334	0.7544835	0.05194236
125	-5.517818	-8.270344	0.7478592	0.05236125
126	-5.672344	-8.224195	0.7422535	0.05278014
127	-5.828084	-8.177884	0.7369053	0.05319903
128	-5.982212	-8.127522	0.7311906	0.05361792
129	-6.150443	-8.090432	0.723768	0.05403681
130	-6.304648	-8.03205	0.716995	0.0544557
131	-6.483495	-7.998799	0.7091342	0.05487459
132	-6.647792	-7.941925	0.7036249	0.05529348
133	-6.829777	-7.900592	0.6975712	0.05571237
134	-7.005697	-7.846107	0.6937166	0.05613126
135	-7.186341	-7.79167	0.6879049	0.05655015
136	-7.37816	-7.741959	0.6808857	0.05696904
137	-7.560233	-7.675936	0.6726308	0.05738793
138	-7.778992	-7.635688	0.6648181	0.05780682
139	-7.960953	-7.554873	0.6568872	0.05822571
140	-8.183742	-7.502799	0.6494282	0.0586446
141	-8.35947	-7.404977	0.6427001	0.05906349
142	-8.592346	-7.348461	0.6358243	0.05948238
143	-8.752832	-7.23033	0.6280074	0.05990127
144	-8.972129	-7.151911	0.6213494	0.06032016
145	-9.144396	-7.033706	0.6143461	0.06073905
146	-9.357294	-6.93923	0.6066349	0.06115794
147	-9.548925	-6.823093	0.5981013	0.06157683
148	-9.749146	-6.705611	0.5901239	0.06199572
149	-9.971306	-6.5971	0.5805264	0.06241461
150	-10.17464	-6.470054	0.5724449	0.0628335
151	-10.40171	-6.34892	0.5638158	0.06325239
152	-10.58483	-6.195195	0.5567083	0.06367128
153	-10.81278	-6.06034	0.5499334	0.06409017
154	-10.99489	-5.898591	0.5418001	0.06450906
155	-11.21735	-5.750583	0.5335394	0.06492795
156	-11.38714	-5.57288	0.5235781	0.06534684
157	-11.59355	-5.40667	0.5141101	0.06576573
158	-11.74385	-5.212841	0.502881	0.06618462
159	-11.92387	-5.027692	0.4926714	0.06660351
160	-12.07738	-4.829426	0.4801961	0.0670224
161	-12.22882	-4.626372	0.4690699	0.06744129
162	-12.34391	-4.409804	0.4545588	0.06786018
163	-12.45202	-4.192987	0.4394001	0.06827907
164	-12.53433	-3.966844	0.4226941	0.06869796
165	-12.59484	-3.730075	0.408591	0.06911685
166	-12.6491	-3.487591	0.3960879	0.06953574
167	-12.67829	-3.234606	0.3859436	0.06995463
168	-12.72867	-2.979772	0.3799858	0.07037352
169	-12.79183	-2.729666	0.3730892	0.07079241
170	-12.86928	-2.480825	0.3669882	0.0712113
171	-12.95713	-2.234576	0.3586123	0.07163019
172	-13.06182	-1.993702	0.349676	0.07204908
173	-13.19108	-1.75321	0.3399678	0.07246797
174	-13.33987	-1.518309	0.3274767	0.07288686
175	-13.44339	-1.282199	0.3119453	0.07330575
176	-13.53268	-1.042896	0.2986889	0.07372464
177	-13.6272	-0.7992967	0.28753	0.07414353
178	-13.72925	-0.5542277	0.2775592	0.07456242
179	-13.77674	-0.3031835	0.2692638	0.07498131
180	-13.88572	-0.05228614	0.2627863	0.0754002
181	-13.96727	0.2103457	0.262073	0.07581909
182	-14.06476	0.4706169	0.2595708	0.07623798
183	-14.07626	0.7291455	0.2581938	0.07665687
184	-14.14447	0.9901325	0.2571061	0.07707576
185	-14.19155	1.25443	0.2575469	0.07749465
186	-14.21482	1.520218	0.2587892	0.07791354
187	-14.22958	1.785477	0.2599532	0.07833243
188	-14.21633	2.050528	0.2625037	0.07875132
189	-14.26981	2.325732	0.2649636	0.07917021
190	-14.25486	2.59525	0.2687613	0.0795891
191	-14.28471	2.872901	0.270917	0.08000799
192	-14.28451	3.147442	0.2735704	0.08042688
193	-14.3148	3.430952	0.274596	0.08084577
194	-14.3363	3.714432	0.2748138	0.08126466
195	-14.36131	4.000826	0.2747639	0.08168355
196	-14.36835	4.283163	0.2744005	0.08210244
197	-14.37007	4.565561	0.2757577	0.08252133
198	-14.3609	4.842445	0.2773275	0.08294022
199	-14.30726	5.107356	0.2812782	0.08335911
200	-14.29524	5.394076	0.289441	0.083778
201	-14.29425	5.688996	0.3004985	0.08419689
202	-14.31155	5.98725	0.3080739	0.08461578
203	-14.33139	6.287137	0.3160142	0.08503467
204	-14.33204	6.579618	0.3229893	0.08545356
205	-14.33897	6.879209	0.3326807	0.08587245
206	-14.30414	7.164811	0.3438521	0.08629134
207	-14.2882	7.461722	0.3594519	0.08671023
208	-14.23846	7.746186	0.3807976	0.08712912
209	-14.21638	8.047254	0.4003952	0.08754801
210	-14.18144	8.345572	0.4198567	0.0879669
211	-14.14032	8.642332	0.4386086	0.08838579
212	-14.08819	8.9373	0.4577259	0.08880468
213	-14.01667	9.219511	0.474111	0.08922357
214	-13.9472	9.507432	0.4929115	0.08964246
215	-13.83687	9.769342	0.5121796	0.09006135
216	-13.74625	10.04488	0.5324801	0.09048024
217	-13.61193	10.29236	0.5542714	0.09089913
218	-13.50168	10.55413	0.575446	0.09131802
219	-13.36264	10.79883	0.599283	0.09173691
220	-13.22033	11.04171	0.6226761	0.0921558
221	-13.05197	11.26527	0.647675	0.09257469
222	-12.88565	11.4875	0.671203	0.09299358
223	-12.71085	11.70374	0.695124	0.09341247
224	-12.51767	11.90042	0.7175444	0.09383136
225	-12.32261	12.09695	0.7403752	0.09425025
226	-12.08748	12.2518	0.7630092	0.09466914
227	-11.85775	12.40831	0.7845352	0.09508803
228	-11.59789	12.53782	0.8088386	0.09550692
229	-11.33343	12.66271	0.8338495	0.09592581
230	-11.03301	12.75193	0.8628037	0.0963447
231	-10.74951	12.86009	0.8920653	0.09676359
232	-10.43099	12.9275	0.9245808	0.09718248
233	-10.1152	12.99675	0.9571921	0.09760137
234	-9.790261	13.05175	0.9909471	0.09802026
235	-9.503075	13.14366	1.017839	0.09843915
236	-9.262812	13.27883	1.035519	0.09885804
237	-9.035184	13.41211	1.046555	0.09927693
238	-8.815227	13.54008	1.051947	0.09969582
239	-8.588523	13.65382	1.05889	0.1001147
240	-8.377228	13.79426	1.066501	0.1005336
241	-8.146192	13.91002	1.077377	0.1009525
242	-7.922811	14.04106	1.087831	0.1013714
243	-7.680608	14.14595	1.099301	0.1017903
244	-7.434784	14.25212	1.110545	0.1022092
245	-7.174887	14.33856	1.122559	0.1026281
246	-6.905526	14.41919	1.135994	0.1030469
247	-6.623271	14.47414	1.14811	0.1034658
248	-6.342917	14.53685	1.159786	0.1038847
249	-6.061837	14.59952	1.169304	0.1043036
250	-5.755018	14.60904	1.179479	0.1047225
251	-5.450508	14.62972	1.188029	0.1051414
252	-5.127188	14.60312	1.195982	0.1055603
253	-4.796409	14.55151	1.201821	0.1059792
254	-4.452885	14.46411	1.20952	0.1063981
255	-4.109743	14.36139	1.211223	0.106817
256	-3.759629	14.22895	1.194035	0.1072358
257	-3.421652	14.11574	1.154276	0.1076547
258	-3.084608	13.98386	1.0907	0.1080736
259	-2.752252	13.85314	1.002713	0.1084925
260	-2.433064	13.73859	0.9060528	0.1089114
261	-2.11644	13.59756	0.8157067	0.1093303
262	-1.810582	13.4582	0.7400957	0.1097492
263	-1.518556	13.34788	0.6806771	0.1101681
264	-1.235496	13.22022	0.6353123	0.110587
265	-0.9622186	13.08764	0.6018287	0.1110059
266	-0.7080013	12.99759	0.5745652	0.1114247
267	-0.4638717	12.94015	0.5538758	0.1118436
268	-0.2296278	12.89137	0.5350537	0.1122625
269	-0.003652262	12.83857	0.5154443	0.1126814
270	0.2142009	12.78477	0.4955728	0.1131003
271	0.4258227	12.73519	0.4729359	0.1135192
272	0.6299185	12.71749	0.4462526	0.1139381
273	0.8302098	12.64511	0.4179009	0.114357
274	1.023502	12.57721	0.386432	0.1147759
275	1.207423	12.43105	0.3543344	0.1151948
276	1.388578	12.3324	0.3223834	0.1156136
277	1.563107	12.21116	0.2902898	0.1160325
278	1.731523	12.05577	0.2602513	0.1164514
279	1.889839	11.83332	0.2336123	0.1168703
280	2.054282	11.68091	0.2099484	0.1172892
281	2.209019	11.4735	0.191141	0.1177081
282	2.367364	11.30261	0.1769286	0.118127
283	2.524739	11.12892	0.1690981	0.1185459
284	2.686698	10.98737	0.1654797	0.1189648
285	2.853114	10.86312	0.1658676	0.1193836
286	3.020785	10.74506	0.1680737	0.1198025
287	3.185208	10.62599	0.1705349	0.1202214
288	3.357362	10.54016	0.1738911	0.1206403
289	3.521112	10.43081	0.1761928	0.1210592
290	3.688828	10.34118	0.1788391	0.1214781
291	3.85013	10.24087	0.1785334	0.121897
292	4.004024	10.12763	0.1755809	0.1223159
293	4.155181	10.02336	0.1674527	0.1227348
294	4.291661	9.894392	0.1574437	0.1231537
295	4.398824	9.707265	0.1459592	0.1235726
296	4.518599	9.568451	0.1359043	0.1239914
297	4.607064	9.376486	0.1274521	0.1244103
298	4.686931	9.184505	0.1208984	0.1248292
299	4.75469	8.981094	0.1174145	0.1252481
300	4.804507	8.760515	0.1153853	0.125667
301	4.844205	8.533791	0.1173799	0.1260859
302	4.871063	8.297875	0.1227721	0.1265048
303	4.894662	8.065293	0.1359414	0.1269237
304	4.886299	7.791326	0.1529184	0.1273426
305	4.868833	7.51167	0.1740488	0.1277615
306	4.852013	7.240602	0.1975635	0.1281803
307	4.83129	6.967808	0.2242674	0.1285992
308	4.792358	6.672327	0.254504	0.1290181
309	4.766639	6.396969	0.287515	0.129437
310	4.725357	6.100473	0.323293	0.1298559
311	4.696079	5.821201	0.357594	0.1302748
312	4.658967	5.530673	0.3913163	0.1306937
313	4.618608	5.237485	0.4236732	0.1311126
314	4.584114	4.950202	0.4571197	0.1315315
315	4.543545	4.655352	0.4928999	0.1319503
316	4.523223	4.380101	0.5324819	0.1323692
317	4.489473	4.089159	0.5765894	0.1327881
318	4.476324	3.813811	0.6250707	0.133207
319	4.451079	3.523221	0.6788289	0.1336259
320	4.460695	3.262563	0.7350991	0.1340448
321	4.46595	2.992287	0.7958019	0.1344637
322	4.482273	2.728266	0.8581772	0.1348826
323	4.506843	2.466015	0.9243889	0.1353015
324	4.547907	2.211451	0.9926074	0.1357204
325	4.5773	1.94074	1.064063	0.1361393
326	4.61268	1.669174	1.137685	0.1365581
327	4.652126	1.397977	1.213387	0.136977
328	4.686367	1.120206	1.292084	0.1373959
329	4.700538	0.8344414	1.369008	0.1378148
330	4.705635	0.5538313	1.443098	0.1382337
331	4.685359	0.2775117	1.509166	0.1386526
332	4.645741	0.01527886	1.566867	0.1390715
333	4.579607	-0.2290819	1.611302	0.1394904
334	4.468549	-0.4577095	1.641028	0.1399093
335	4.324509	-0.6596829	1.652953	0.1403282
336	4.137749	-0.8332575	1.646094	0.140747
337	3.91631	-0.970256	1.618212	0.1411659
338	3.655973	-1.074037	1.570585	0.1415848
339	3.357833	-1.148774	1.505824	0.1420037
340	3.049524	-1.189441	1.428249	0.1424226
341	2.73107	-1.205196	1.343136	0.1428415
342	2.396239	-1.203049	1.251148	0.1432604
343	2.075245	-1.181689	1.158641	0.1436793
344	1.76541	-1.151403	1.069227	0.1440982
345	1.471516	-1.110907	0.9827758	0.144517
346	1.196698	-1.060418	0.8981593	0.1449359
347	0.9351186	-1.003781	0.8176127	0.1453548
348	0.7015551	-0.9419297	0.7419927	0.1457737
349	0.5033439	-0.8753993	0.6726012	0.1461926
350	0.3488201	-0.8064688	0.610047	0.1466115
351	0.2437246	-0.7346762	0.5546165	0.1470304
352	0.1617744	-0.6649237	0.5048533	0.1474493
353	0.1173544	-0.5941061	0.4599476	0.1478682
354	0.0860504	-0.525993	0.4195249	0.1482871
355	0.09091379	-0.458599	0.3830214	0.148706
356	0.07808049	-0.3961591	0.3494953	0.1491248
357	0.08979022	-0.3364313	0.3190167	0.1495437
358	0.09559254	-0.2796223	0.2911747	0.1499626
359	0.1187852	-0.2271848	0.2664157	0.1503815
360	0.1254067	-0.1778811	0.2435624	0.1508004
361	0.1546895	-0.1326469	0.2239624	0.1512193
362	0.1608454	-0.0905148	0.2062104	0.1516382
363	0.1989314	-0.05308916	0.1911674	0.1520571
364	0.2155615	-0.01788267	0.1778405	0.152476
365	0.2497034	0.01297265	0.1673053	0.1528949
366	0.2693862	0.04091083	0.1595104	0.1533137
367	0.2869628	0.06612876	0.1549897	0.1537326
368	0.3069689	0.08743053	0.1532875	0.1541515
369	0.3320996	0.1049673	0.155291	0.1545704
370	0.3443489	0.1205751	0.1606168	0.1549893
371	0.3523005	0.1357267	0.1676306	0.1554082
372	0.3683467	0.1468134	0.1778805	0.1558271
373	0.3700398	0.1593753	0.1897709	0.156246
374	0.3825326	0.1678697	0.2039701	0.1566649
375	0.3759724	0.1793934	0.2188675	0.1570837
376	0.3813143	0.1868499	0.2348089	0.1575026
377	0.3636299	0.1990696	0.2510947	0.1579215
378	0.3632055	0.2061751	0.2674014	0.1583404
379	0.3413544	0.2186303	0.2839908	0.1587593
380	0.3428665	0.2237937	0.2997569	0.1591782
381	0.3074583	0.2408589	0.314002	0.1595971
382	0.3027095	0.2477302	0.3261442	0.160016
383	0.2764627	0.2626119	0.3356601	0.1604349
384	0.2580778	0.2746722	0.3418126	0.1608538
385	0.2234648	0.2946158	0.3436258	0.1612726
386	0.2080099	0.3060325	0.3420613	0.1616915
387	0.1868533	0.3212627	0.336491	0.1621104
388	0.1642019	0.3372255	0.3279157	0.1625293
389	0.1427384	0.3541516	0.3151592	0.1629482
390	0.110191	0.377034	0.3004535	0.1633671
391	0.09167474	0.3941821	0.2831641	0.163786
392	0.05548198	0.4222098	0.2658511	0.1642049
393	0.0272658	0.4474728	0.248274	0.1646238
394	-0.001669043	0.474461	0.2334608	0.1650427
395	-0.02688443	0.5003088	0.2220073	0.1654616
396	-0.06329832	0.5359336	0.2168665	0.1658804
397	-0.09383924	0.5688015	0.2203287	0.1662993
398	-0.1326252	0.6105529	0.2334707	0.1667182
399	-0.1781705	0.6592944	0.2592058	0.1671371
400	-0.2209552	0.7093152	0.2962713	0.167556
401	-0.2619884	0.7598532	0.3454975	0.1679749
402	-0.3130899	0.8229567	0.4003169	0.1683938
403	-0.3499216	0.8757285	0.4575614	0.1688127
404	-0.3908009	0.9355829	0.5069441	0.1692316
405	-0.4231823	0.9900513	0.5422114	0.1696505
406	-0.4585584	1.050054	0.5580801	0.1700693
407	-0.4771647	1.095825	0.5548976	0.1704882
408	-0.5076993	1.155757	0.5364765	0.1709071
409	-0.5185328	1.19711	0.5090101	0.171326
410	-0.5443467	1.256453	0.4745939	0.1717449
411	-0.5512331	1.296762	0.4351812	0.1721638
412	-0.5673753	1.34928	0.3937212	0.1725827
413	-0.5720771	1.389835	0.3488257	0.1730016
414	-0.5763656	1.430941	0.299929	0.1734205
415	-0.5738236	1.463859	0.246575	0.1738393
416	-0.5709503	1.497694	0.1907093	0.1742582
417	-0.5711513	1.536347	0.1350603	0.1746771
418	-0.5523114	1.547744	0.08252628	0.175096
419	-0.5542243	1.590623	0.0353804	0.1755149
420	-0.5271376	1.587812	-0.005746462	0.1759338
421	-0.5220783	1.620406	-0.03716481	0.1763527
422	-0.494278	1.613645	-0.05859773	0.1767716
423	-0.4882054	1.645509	-0.07120903	0.1771905
424	-0.4591238	1.633026	-0.07432958	0.1776094
425	-0.446089	1.651594	-0.06864995	0.1780283
426	-0.4228691	1.647462	-0.05509236	0.1784471
427	-0.4068082	1.658659	-0.03629952	0.178866
428	-0.3884036	1.662293	-0.01285826	0.1792849
429	-0.3662112	1.656918	0.01472932	0.1797038
430	-0.3518715	1.668138	0.04636667	0.1801227
431	-0.3260787	1.648835	0.08110898	0.1805416
432	-0.309629	1.650958	0.1223616	0.1809605
433	-0.2833918	1.621926	0.1683579	0.1813794
434	-0.2673365	1.620435	0.220409	0.1817983
435	-0.2419604	1.583736	0.2771312	0.1822172
436	-0.2256564	1.576559	0.3384214	0.182636
437	-0.2040916	1.544892	0.4031807	0.1830549
438	-0.1842198	1.517955	0.4689576	0.1834738
439	-0.165269	1.49082	0.5358853	0.1838927
440	-0.1442302	1.456921	0.6014838	0.1843116
441	-0.1276288	1.445129	0.6677629	0.1847305
442	-0.1072493	1.41685	0.7310838	0.1851494
443	-0.08965719	1.408461	0.7923729	0.1855683
444	-0.06929155	1.380624	0.8489513	0.1859872
445	-0.05207587	1.386368	0.9001637	0.186406
446	-0.03303875	1.372796	0.9445952	0.1868249
447	-0.01446163	1.372559	0.9816347	0.1872438
448	0.003426758	1.376206	1.010948	0.1876627
449	0.0228735	1.369533	1.030872	0.1880816
450	0.04119723	1.389992	1.042702	0.1885005
451	0.06156676	1.387002	1.044089	0.1889194
452	0.08232348	1.420547	1.037441	0.1893383
453	0.1040802	1.422514	1.020401	0.1897572
454	0.1285417	1.462169	0.9954106	0.1901761
455	0.152826	1.471966	0.9623807	0.190595
456	0.1803008	1.511417	0.922439	0.1910138
457	0.2084095	1.533866	0.8765243	0.1914327
458	0.2390133	1.553313	0.8260591	0.1918516
459	0.2724561	1.588576	0.7744786	0.1922705
460	0.3030745	1.590436	0.7217563	0.1926894
461	0.3414778	1.630523	0.6704561	0.1931083
462	0.3707587	1.61778	0.6212692	0.1935272
463	0.4110077	1.655113	0.575429	0.1939461
464	0.4404685	1.639112	0.5321235	0.194365
465	0.4801502	1.663092	0.492778	0.1947839
466	0.5068707	1.635909	0.4568913	0.1952027
467	0.5455884	1.649341	0.4227804	0.1956216
468	0.5759606	1.635306	0.3911337	0.1960405
469	0.6095053	1.627759	0.3616527	0.1964594
470	0.6399351	1.6135	0.334996	0.1968783
471	0.6679671	1.589859	0.3090447	0.1972972
472	0.7005485	1.580632	0.2858543	0.1977161
473	0.7203447	1.538491	0.2637588	0.198135
474	0.7538248	1.53098	0.2433075	0.1985539
475	0.7660114	1.476296	0.2243295	0.1989727
476	0.7981504	1.466011	0.2058556	0.1993916
477	0.8050822	1.406375	0.1900023	0.1998105
478	0.830105	1.383629	0.173255	0.2002294
479	0.8356187	1.3275	0.1593666	0.2006483
480	0.852571	1.292984	0.1444412	0.2010672
481	0.8565393	1.239953	0.1322124	0.2014861
482	0.8691474	1.202584	0.1186068	0.201905
483	0.8679206	1.146495	0.1081067	0.2023239
484	0.8707899	1.099246	0.09746247	0.2027428
485	0.8708609	1.050643	0.0882986	0.2031617
486	0.8657434	0.9979618	0.08044223	0.2035805
487	0.8669745	0.9560862	0.07282281	0.2039994
488	0.8556724	0.9012141	0.06753508	0.2044183
489	0.8555801	0.8622679	0.06183831	0.2048372
490	0.8402673	0.8086125	0.05864044	0.2052561
491	0.8433608	0.7778326	0.055587	0.205675
492	0.8239303	0.7246155	0.05620292	0.2060939
493	0.8256292	0.6964244	0.05650319	0.2065128
494	0.8037915	0.6454898	0.05964161	0.2069317
495	0.8013016	0.6169407	0.0628052	0.2073506
496	0.7797783	0.5708788	0.06797587	0.2077694
497	0.7726531	0.5415986	0.07378488	0.2081883
498	0.7492975	0.4979612	0.07867222	0.2086072
499	0.7406098	0.4709259	0.08422305	0.2090261
500	0.7221292	0.4355178	0.0872961	0.209445
501	0.7052249	0.4047323	0.09046516	0.2098639
502	0.6850687	0.3717332	0.08979759	0.2102828
503	0.6601608	0.3379203	0.08801243	0.2107017
504	0.6374946	0.3069803	0.08296504	0.2111206
505	0.608438	0.2735847	0.07572908	0.2115394
506	0.5804207	0.242824	0.06645968	0.2119583
507	0.5445704	0.2085706	0.05405746	0.2123772
508	0.5172585	0.182689	0.04046774	0.2127961
509	0.4725651	0.1470391	0.02390003	0.213215
510	0.4450751	0.1248316	0.009053972	0.2136339
511	0.4012473	0.09402106	-0.004721472	0.2140528
512	0.3760743	0.07670326	-0.01298211	0.2144717
513	0.331636	0.04988265	-0.01534813	0.2148906
514	0.3088279	0.03679387	-0.008050168	0.2153095
515	0.2747081	0.01911328	0.008107388	0.2157284
516	0.2581442	0.01138892	0.03378952	0.2161472
517	0.2171023	-0.005942044	0.06867217	0.2165661
518	0.2002662	-0.01163331	0.1107043	0.216985
519	0.1741609	-0.01953776	0.1592942	0.2174039
520	0.1485357	-0.02647967	0.2067347	0.2178228
521	0.1086401	-0.03636969	0.2489429	0.2182417
522	0.07396223	-0.04333166	0.2742845	0.2186606
523	0.01862826	-0.05443437	0.2801774	0.2190795
524	-0.04045445	-0.06450511	0.259982	0.2194984
525	-0.111847	-0.07518114	0.2163723	0.2199173
526	-0.1921288	-0.08510362	0.1524135	0.2203361
527	-0.2848011	-0.09494264	0.07428062	0.220755
528	-0.3749363	-0.1002077	-0.008862825	0.2211739
529	-0.4779553	-0.1049965	-0.09175131	0.2215928
530	-0.5738551	-0.1036649	-0.1649304	0.2220117
531	-0.6732441	-0.09987248	-0.2254227	0.2224306
532	-0.7708653	-0.09123935	-0.2705192	0.2228495
533	-0.8639349	-0.07867279	-0.3046862	0.2232684
534	-0.9572874	-0.06239292	-0.3256869	0.2236873
535	-1.046084	-0.04196505	-0.3376801	0.2241061
536	-1.143416	-0.01894642	-0.3423036	0.224525
537	-1.226174	0.009318313	-0.3419321	0.2249439
538	-1.32488	0.03956507	-0.3378145	0.2253628
539	-1.405187	0.07514241	-0.33124	0.2257817
540	-1.50445	0.1129671	-0.3222923	0.2262006
541	-1.581233	0.1558533	-0.3101555	0.2266195
542	-1.675922	0.2017397	-0.2971607	0.2270384
543	-1.753003	0.2516165	-0.2822289	0.2274573
544	-1.848908	0.305641	-0.2670965	0.2278762
545	-1.932119	0.3631092	-0.2496836	0.2282951
546	-2.032698	0.4259658	-0.2307858	0.2287139
547	-2.129251	0.4925178	-0.2103547	0.2291328
548	-2.220645	0.5627781	-0.1877516	0.2295517
549	-2.328828	0.6388814	-0.1644682	0.2299706
550	-2.42737	0.7186593	-0.138636	0.2303895
551	-2.530679	0.8024234	-0.113678	0.2308084
552	-2.624568	0.8889974	-0.08644596	0.2312273
553	-2.73627	0.9825795	-0.05996887	0.2316462
554	-2.831551	1.076722	-0.03254054	0.2320651
555	-2.948083	1.179896	-0.005458848	0.232484
556	-3.047881	1.282282	0.0215037	0.2329028
557	-3.169023	1.394786	0.04872048	0.2333217
558	-3.268733	1.504701	0.07450607	0.2337406
559	-3.386033	1.625142	0.1007328	0.2341595
560	-3.483334	1.742152	0.1249857	0.2345784
561	-3.592821	1.868482	0.1499734	0.2349973
562	-3.682635	1.990245	0.1718294	0.2354162
563	-3.7768	2.11782	0.1940794	0.2358351
564	-3.867026	2.247256	0.2138394	0.236254
565	-3.943533	2.373949	0.2326819	0.2366728
566	-4.02419	2.505977	0.249827	0.2370917
567	-4.090445	2.6337	0.265303	0.2375106
568	-4.164089	2.769102	0.2799858	0.2379295
569	-4.213728	2.89384	0.291786	0.2383484
570	-4.282022	3.032982	0.3035964	0.2387673
571	-4.32134	3.157646	0.3123911	0.2391862
572	-4.369681	3.291429	0.3207269	0.2396051
573	-4.393574	3.412508	0.3261783	0.240024
574	-4.426495	3.542529	0.3313124	0.2404429
575	-4.437744	3.661254	0.3342132	0.2408618
576	-4.45314	3.785573	0.3362958	0.2412806
577	-4.455048	3.903794	0.3372304	0.2416995
578	-4.452027	4.020449	0.3365114	0.2421184
579	-4.440104	4.134083	0.3354401	0.2425373
580	-4.413448	4.237095	0.3321393	0.2429562
581	-4.396779	4.352966	0.3293552	0.2433751
582	-4.352229	4.446087	0.3239257	0.243794
583	-4.320825	4.554452	0.3187715	0.2442129
584	-4.266142	4.643003	0.3119403	0.2446318
585	-4.217501	4.739924	0.3047626	0.2450507
586	-4.154339	4.824849	0.2968319	0.2454695
587	-4.089028	4.908776	0.2877954	0.2458884
588	-4.013425	4.984492	0.2791559	0.2463073
589	-3.93853	5.060898	0.26882	0.2467262
590	-3.853613	5.128614	0.2594743	0.2471451
591	-3.763129	5.188207	0.2479622	0.247564
592	-3.673436	5.251505	0.2377972	0.2479829
593	-3.571348	5.298532	0.2262741	0.2484018
594	-3.469438	5.346735	0.2155965	0.2488207
595	-3.360267	5.384956	0.2043931	0.2492395
596	-3.248016	5.417797	0.1930777	0.2496585
597	-3.129532	5.439827	0.1819914	0.2500773
598	-3.012021	5.460374	0.1699085	0.2504962
599	-2.887733	5.469518	0.1592555	0.2509151
600	-2.763217	5.473782	0.1471098	0.251334
601	-2.632515	5.465327	0.1369711	0.2517529
602	-2.49921	5.446346	0.1256353	0.2521718
603	-2.367946	5.427026	0.1161115	0.2525907
604	-2.234051	5.395251	0.1054274	0.2530096
605	-2.09668	5.349535	0.09594136	0.2534285
606	-1.958176	5.294474	0.086576	0.2538473
607	-1.820763	5.231123	0.07762352	0.2542662
608	-1.681835	5.154272	0.06906369	0.2546851
609	-1.542938	5.061418	0.05958994	0.255104
610	-1.407755	4.964411	0.05123124	0.2555229
611	-1.271244	4.842896	0.04118554	0.2559418
612	-1.140047	4.717312	0.03248544	0.2563607
613	-1.010245	4.572227	0.02206616	0.2567796
614	-0.8877435	4.424791	0.01248982	0.2571985
615	-0.7687321	4.261043	0.001539179	0.2576174
616	-0.6567785	4.090708	-0.008933199	0.2580363
617	-0.5509115	3.914416	-0.0199466	0.2584551
618	-0.4521323	3.729531	-0.03155588	0.258874
619	-0.3620752	3.552885	-0.04243101	0.2592929
620	-0.2785437	3.370356	-0.05403049	0.2597118
621	-0.2036287	3.209442	-0.0635164	0.2601307
622	-0.134218	3.051121	-0.07322425	0.2605496
623	-0.07030693	2.916537	-0.08011495	0.2609685
624	-0.01074048	2.800833	-0.08633337	0.2613874
625	0.0449815	2.71487	-0.08981506	0.2618062
626	0.1007057	2.648566	-0.09150471	0.2622252
627	0.1554241	2.615167	-0.09069471	0.262644
628	0.2126171	2.608187	-0.08730738	0.2630629
629	0.2710901	2.625024	-0.08278064	0.2634818
630	0.3327844	2.649213	-0.07594837	0.2639007
631	0.3942811	2.680972	-0.07002884	0.2643196
632	0.4551847	2.726199	-0.06331152	0.2647385
633	0.5121664	2.746403	-0.05923759	0.2651574
634	0.5653203	2.769859	-0.05577637	0.2655763
635	0.6111692	2.762095	-0.05566663	0.2659951
636	0.6511325	2.763025	-0.05712464	0.266414
637	0.6831542	2.740433	-0.06125906	0.2668329
638	0.7087261	2.717899	-0.06738891	0.2672518
639	0.7267736	2.674755	-0.07467575	0.2676707
640	0.7376724	2.627313	-0.0838631	0.2680896
641	0.7420906	2.57079	-0.09332894	0.2685085
642	0.7374011	2.496251	-0.1047041	0.2689274
643	0.7283639	2.427061	-0.1157146	0.2693463
644	0.7101005	2.338217	-0.1282409	0.2697652
645	0.6866375	2.250904	-0.1402078	0.270184
646	0.6557854	2.15277	-0.152955	0.2706029
647	0.6194081	2.054189	-0.1651596	0.2710218
648	0.5760534	1.945776	-0.1772072	0.2714407
649	0.5295081	1.842888	-0.1887567	0.2718596
650	0.4781183	1.734137	-0.1989641	0.2722785
651	0.4190243	1.618658	-0.2092738	0.2726974
652	0.3568585	1.504304	-0.2180599	0.2731163
653	0.2836516	1.372224	-0.2268747	0.2735352
654	0.2115708	1.252373	-0.2339898	0.2739541
655	0.1287635	1.11439	-0.2404992	0.274373
656	0.04406504	0.9804531	-0.2452027	0.2747918
657	-0.04707708	0.8399571	-0.24912	0.2752107
658	-0.1446134	0.6932155	-0.2514783	0.2756296
659	-0.2460895	0.5451199	-0.2523463	0.2760485
660	-0.3524396	0.3968416	-0.2523773	0.2764674
661	-0.4598173	0.2521877	-0.2503986	0.2768863
662	-0.5744848	0.1038874	-0.2480742	0.2773052
663	-0.6862624	-0.03430836	-0.2435534	0.2777241
664	-0.805391	-0.1758204	-0.2387315	0.278143
665	-0.9193723	-0.3018166	-0.2326309	0.2785619
666	-1.039942	-0.4322605	-0.2253565	0.2789807
667	-1.153238	-0.5448353	-0.2172551	0.2793996
668	-1.272345	-0.6601085	-0.2080024	0.2798185
669	-1.385898	-0.7624511	-0.1981049	0.2802374
670	-1.499106	-0.8596461	-0.1867544	0.2806563
671	-1.612205	-0.9502087	-0.175442	0.2810752
672	-1.72271	-1.033372	-0.1629355	0.2814941
673	-1.83553	-1.113028	-0.1505813	0.281913
674	-1.941164	-1.180455	-0.1372925	0.2823319
675	-2.048326	-1.244969	-0.1237602	0.2827508
676	-2.142599	-1.291597	-0.1098539	0.2831697
677	-2.246736	-1.344742	-0.09535301	0.2835885
678	-2.335802	-1.37853	-0.08138463	0.2840074
679	-2.433532	-1.418034	-0.06619146	0.2844263
680	-2.517915	-1.441	-0.05196533	0.2848452
681	-2.605763	-1.464769	-0.03662195	0.2852641
682	-2.68705	-1.478812	-0.022349	0.285683
683	-2.763606	-1.487025	-0.007319693	0.2861019
684	-2.84194	-1.49339	0.006928662	0.2865207
685	-2.907056	-1.487743	0.02153804	0.2869397
686	-2.980358	-1.485256	0.03560145	0.2873586
687	-3.035163	-1.467425	0.04910801	0.2877774
688	-3.103532	-1.457268	0.06284672	0.2881963
689	-3.144186	-1.426453	0.07540157	0.2886152
690	-3.206243	-1.408257	0.088626	0.2890341
691	-3.24246	-1.37184	0.1001796	0.289453
692	-3.293752	-1.343571	0.1122594	0.2898719
693	-3.3269	-1.303154	0.1226969	0.2902908
694	-3.366973	-1.265628	0.1335591	0.2907097
695	-3.395031	-1.220552	0.143049	0.2911285
696	-3.421242	-1.173568	0.1522962	0.2915474
697	-3.448025	-1.126055	0.160727	0.2919663
698	-3.45648	-1.069531	0.1683991	0.2923852
699	-3.480486	-1.019829	0.1757178	0.2928041
700	-3.473444	-0.9561081	0.1818376	0.293223
701	-3.494503	-0.9033461	0.187986	0.2936419
702	-3.479408	-0.8368831	0.1926026	0.2940608
703	-3.489576	-0.7791187	0.1971825	0.2944797
704	-3.468861	-0.7112426	0.2003909	0.2948986
705	-3.467526	-0.6492506	0.2032312	0.2953174
706	-3.445055	-0.5818901	0.2052091	0.2957363
707	-3.423858	-0.5144212	0.2063469	0.2961552
708	-3.404551	-0.4493567	0.2072709	0.2965741
709	-3.363682	-0.3784116	0.2066519	0.296993
710	-3.343676	-0.3142029	0.2061344	0.2974119
711	-3.292472	-0.243595	0.2040834	0.2978308
712	-3.267847	-0.1793473	0.2021381	0.2982497
713	-3.208712	-0.1110034	0.1989482	0.2986686
714	-3.17122	-0.0470849	0.1958842	0.2990875
715	-3.113954	0.01775715	0.1918159	0.2995064
716	-3.064967	0.08059704	0.187299	0.2999252
717	-3.007697	0.1414078	0.1824664	0.3003441
718	-2.939325	0.2020883	0.1766164	0.300763
719	-2.889792	0.2589377	0.1707924	0.3011819
720	-2.806978	0.3158239	0.1637061	0.3016008
721	-2.757116	0.3688644	0.1567602	0.3020197
722	-2.672933	0.4205224	0.1483309	0.3024386
723	-2.614333	0.4694843	0.1401168	0.3028575
724	-2.534922	0.5157024	0.1307224	0.3032764
725	-2.463384	0.5595573	0.1214149	0.3036953
726	-2.393684	0.6010586	0.1112941	0.3041141
727	-2.307864	0.6385036	0.1009759	0.304533
728	-2.251165	0.6762699	0.09026308	0.3049519
729	-2.153738	0.7064689	0.07922579	0.3053708
730	-2.103899	0.7401555	0.06848448	0.3057897
731	-2.009582	0.7648174	0.0573347	0.3062086
732	-1.956602	0.7937202	0.04718816	0.3066275
733	-1.86962	0.8137472	0.0370894	0.3070464
734	-1.812208	0.8373369	0.02822026	0.3074653
735	-1.736984	0.8544448	0.0197913	0.3078842
736	-1.67283	0.8719268	0.01252226	0.3083031
737	-1.617484	0.8893086	0.006357819	0.3087219
738	-1.539279	0.8979856	0.001121521	0.3091408
739	-1.502467	0.9170156	-0.003049305	0.3095597
740	-1.420971	0.9196923	-0.00667713	0.3099786
741	-1.392093	0.938181	-0.009195796	0.3103975
742	-1.31546	0.9374227	-0.01137089	0.3108164
743	-1.287428	0.9535326	-0.01301508	0.3112353
744	-1.221295	0.9522056	-0.01418704	0.3116542
745	-1.191095	0.9650072	-0.0151566	0.3120731
746	-1.138478	0.9655609	-0.01540092	0.312492
747	-1.097993	0.9711169	-0.01600191	0.3129108
748	-1.062096	0.9768758	-0.01558212	0.3133297
749	-1.013209	0.9752969	-0.01624077	0.3137486
750	-0.984834	0.9824884	-0.01557001	0.3141675
751	-0.9396095	0.9797263	-0.01572821	0.3145864
752	-0.9123307	0.9855928	-0.01535935	0.3150053
753	-0.8725038	0.9829491	-0.01587373	0.3154242
754	-0.8455527	0.9872823	-0.01650462	0.3158431
755	-0.8114108	0.9855661	-0.01778252	0.3162619
756	-0.7794864	0.9848073	-0.01982965	0.3166808
757	-0.7566065	0.9888974	-0.02221069	0.3170997
758	-0.7165948	0.9802297	-0.02604501	0.3175186
759	-0.6991985	0.9868878	-0.03014212	0.3179375
760	-0.6635343	0.9792944	-0.03606436	0.3183564
761	-0.6427262	0.9818762	-0.04192436	0.3187753
762	-0.6165838	0.9801111	-0.04946649	0.3191942
763	-0.5896007	0.9761756	-0.05690563	0.3196131
764	-0.5707701	0.9794089	-0.06558665	0.320032
765	-0.5385038	0.9691821	-0.07420821	0.3204508
766	-0.5283351	0.9797263	-0.08338647	0.3208697
767	-0.486989	0.9583365	-0.09260497	0.3212886
768	-0.4853608	0.9772103	-0.1016205	0.3217075
769	-0.4427665	0.9519435	-0.1109083	0.3221264
770	-0.4407148	0.9704352	-0.1194974	0.3225453
771	-0.4045553	0.9498	-0.1286994	0.3229642
772	-0.3964326	0.961254	-0.1365259	0.3233831
773	-0.3682905	0.9479772	-0.1444089	0.323802
774	-0.3531218	0.9506609	-0.1513945	0.3242209
775	-0.334807	0.9486126	-0.157856	0.3246398
776	-0.3114938	0.939187	-0.1637205	0.3250586
777	-0.304131	0.9520501	-0.1688231	0.3254775
778	-0.2713237	0.9268405	-0.1735579	0.3258964
779	-0.270875	0.9506521	-0.1770886	0.3263153
780	-0.2377225	0.9222206	-0.180651	0.3267342
781	-0.2370774	0.9469689	-0.1828573	0.3271531
782	-0.2057923	0.9185548	-0.1851036	0.327572
783	-0.2028432	0.9408891	-0.1860944	0.3279909
784	-0.1766877	0.9187958	-0.1864005	0.3284098
785	-0.1691108	0.9335363	-0.1859689	0.3288287
786	-0.1500085	0.9236078	-0.1846488	0.3292475
787	-0.1347387	0.9224092	-0.1832	0.3296664
788	-0.1246792	0.9317787	-0.1804069	0.3300853
789	-0.1028318	0.9139997	-0.1777426	0.3305042
790	-0.09688789	0.9343362	-0.1737128	0.3309231
791	-0.0738895	0.9111682	-0.1699788	0.331342
792	-0.0689382	0.9369608	-0.1651834	0.3317609
793	-0.04612322	0.9106908	-0.1603301	0.3321798
794	-0.03897281	0.9337564	-0.1547319	0.3325987
795	-0.01990963	0.9157079	-0.1484204	0.3330176
796	-0.009111884	0.9272161	-0.142232	0.3334365
797	0.005776897	0.9220078	-0.1353731	0.3338553
798	0.02035984	0.9202877	-0.1291275	0.3342742
799	0.03210663	0.9280935	-0.1217581	0.3346931
800	0.04916112	0.9137329	-0.1152436	0.335112
801	0.05944913	0.9312261	-0.1075945	0.3355309
802	0.07680546	0.9103022	-0.1005676	0.3359498
803	0.08768958	0.9298628	-0.09294965	0.3363687
804	0.1040559	0.9072741	-0.08552543	0.3367876
805	0.11607	0.9234517	-0.07817941	0.3372065
806	0.130909	0.9092832	-0.07071633	0.3376254
807	0.1450199	0.9106628	-0.06401116	0.3380442
808	0.1583053	0.9112737	-0.05654734	0.3384631
809	0.1731616	0.8967417	-0.05036068	0.338882
810	0.1861373	0.9070189	-0.04316155	0.3393009
811	0.2004562	0.8868951	-0.0375037	0.3397198
812	0.213913	0.8983692	-0.03094195	0.3401387
813	0.2271129	0.8750561	-0.02555476	0.3405576
814	0.2411636	0.8854333	-0.01990664	0.3409765
815	0.2531784	0.8634388	-0.01473779	0.3413953
816	0.2669586	0.8652752	-0.01013554	0.3418142
817	0.2790427	0.8544999	-0.005318401	0.3422331
818	0.2911628	0.841189	-0.001740768	0.342652
819	0.3041622	0.8409094	0.002340277	0.3430709
820	0.3136587	0.8136348	0.004903612	0.3434898
821	0.327963	0.821985	0.008075493	0.3439087
822	0.3350123	0.7886395	0.009834116	0.3443276
823	0.3498184	0.797215	0.01171665	0.3447465
824	0.3549561	0.7624621	0.01280604	0.3451654
825	0.3695641	0.768279	0.01327287	0.3455842
826	0.3740922	0.7374452	0.01369484	0.3460031
827	0.3855678	0.7315775	0.01290212	0.346422
828	0.3920237	0.7121519	0.01268648	0.3468409
829	0.3978282	0.6896898	0.01075536	0.3472598
830	0.4073012	0.6822129	0.009618911	0.3476787
831	0.407924	0.6489409	0.006896625	0.3480976
832	0.4189077	0.6465288	0.004648945	0.3485165
833	0.4153576	0.607779	0.001511016	0.3489354
834	0.426958	0.6073511	-0.001915643	0.3493543
835	0.4198886	0.5658755	-0.005319145	0.3497732
836	0.4296657	0.5620483	-0.009824129	0.350192
837	0.4221515	0.5248458	-0.01351797	0.3506109
838	0.4268516	0.5118946	-0.01894355	0.3510298
839	0.4204093	0.4811969	-0.0228615	0.3514487
840	0.4196934	0.4606183	-0.02879951	0.3518676
841	0.4142167	0.4351002	-0.03310944	0.3522865
842	0.4101964	0.4121283	-0.03897508	0.3527054
843	0.4040038	0.3880723	-0.04374239	0.3531243
844	0.3946058	0.3604471	-0.04914029	0.3535432
845	0.3896308	0.3409521	-0.05415444	0.3539621
846	0.3764617	0.3117209	-0.05868664	0.3543809
847	0.368272	0.2901874	-0.06371226	0.3547998
848	0.3537764	0.2630363	-0.06720364	0.3552187
849	0.3423142	0.2400379	-0.07203566	0.3556376
850	0.3247882	0.2129797	-0.07457022	0.3560565
851	0.3142752	0.1942972	-0.07859072	0.3564754
852	0.2919766	0.1651383	-0.08031751	0.3568943
853	0.2806931	0.1492005	-0.08295665	0.3573132
854	0.2554927	0.1201847	-0.08405092	0.3577321
855	0.2424777	0.1056565	-0.08513362	0.358151
856	0.21373	0.07649914	-0.08566509	0.3585698
857	0.2017187	0.0662354	-0.08533304	0.3589887
858	0.1667324	0.03491152	-0.08535774	0.3594076
859	0.1546781	0.02765046	-0.08382283	0.3598265
860	0.1196468	0.000184815	-0.08331138	0.3602454
861	0.1027742	-0.008699092	-0.0811133	0.3606643
862	0.06923398	-0.03084991	-0.08001399	0.3610832
863	0.04712481	-0.0413846	-0.07774398	0.3615021
864	0.01343389	-0.05979135	-0.07615198	0.361921
865	-0.01142828	-0.0698894	-0.07419473	0.3623399
866	-0.04367126	-0.08366896	-0.07213221	0.3627588
867	-0.07803925	-0.09761707	-0.07080448	0.3631776
868	-0.1054787	-0.1046893	-0.06860375	0.3635965
869	-0.1458344	-0.1192798	-0.06793203	0.3640154
870	-0.172013	-0.1225221	-0.06585898	0.3644343
871	-0.2153569	-0.1353037	-0.06559661	0.3648532
872	-0.241603	-0.1357519	-0.06398006	0.3652721
873	-0.2899128	-0.1473885	-0.06405318	0.365691
874	-0.3142949	-0.1445639	-0.06351866	0.3661099
875	-0.3658897	-0.1539123	-0.0636669	0.3665287
876	-0.3914179	-0.149312	-0.06435551	0.3669477
877	-0.4415435	-0.1541565	-0.06491663	0.3673665
878	-0.4733553	-0.1499481	-0.06689227	0.3677854
879	-0.5195653	-0.149538	-0.0675012	0.3682043
880	-0.5554344	-0.1443525	-0.07041357	0.3686232
881	-0.5989857	-0.1397011	-0.07195811	0.3690421
882	-0.6390969	-0.1329275	-0.07559356	0.369461
883	-0.6796006	-0.1244135	-0.07795968	0.3698799
884	-0.7261094	-0.116392	-0.0817619	0.3702988
885	-0.7604728	-0.103444	-0.08541106	0.3707176
886	-0.8092787	-0.09273893	-0.08929058	0.3711365
887	-0.8449285	-0.07771062	-0.09385125	0.3715554
888	-0.890941	-0.06304728	-0.09769204	0.3719743
889	-0.9294502	-0.04615376	-0.1030318	0.3723932
890	-0.9734066	-0.02800455	-0.1069999	0.3728121
891	-1.009677	-0.007967847	-0.1126212	0.373231
892	-1.05242	0.01304735	-0.1167351	0.3736499
893	-1.090557	0.03577481	-0.1219793	0.3740688
894	-1.127364	0.06005968	-0.1261338	0.3744877
895	-1.170042	0.08518522	-0.1306272	0.3749066
896	-1.201995	0.1120417	-0.1349832	0.3753254
897	-1.242437	0.1402386	-0.1386863	0.3757443
898	-1.275491	0.1690303	-0.1431116	0.3761632
899	-1.311224	0.200109	-0.1458966	0.3765821
900	-1.344581	0.23107	-0.1500255	0.377001
901	-1.373957	0.2644783	-0.1523191	0.3774199
902	-1.406838	0.2978909	-0.1556806	0.3778388
903	-1.431922	0.3328848	-0.1572704	0.3782577
904	-1.466337	0.3688513	-0.159356	0.3786766
905	-1.48419	0.4048927	-0.160844	0.3790955
906	-1.517019	0.4431354	-0.1618141	0.3795143
907	-1.531388	0.4800361	-0.1630812	0.3799332
908	-1.559077	0.5199522	-0.1628532	0.3803521
909	-1.574192	0.558035	-0.1637717	0.380771
910	-1.594682	0.5987645	-0.1627528	0.3811899
911	-1.607774	0.637805	-0.163145	0.3816088
912	-1.620111	0.6782125	-0.1617394	0.3820277
913	-1.635893	0.7192708	-0.1613129	0.3824466
914	-1.637185	0.7578536	-0.1598319	0.3828655
915	-1.655481	0.8009279	-0.1584106	0.3832844
916	-1.646325	0.8368875	-0.1570661	0.3837032
917	-1.662645	0.8807061	-0.1547738	0.3841221
918	-1.649094	0.9150183	-0.1536165	0.384541
919	-1.66038	0.95842	-0.1504769	0.3849599
920	-1.646028	0.9919055	-0.1491924	0.3853788
921	-1.648708	1.032512	-0.1461046	0.3857977
922	-1.63481	1.066072	-0.1446449	0.3862166
923	-1.627375	1.102469	-0.1418011	0.3866355
924	-1.616723	1.137209	-0.1399522	0.3870544
925	-1.596976	1.167434	-0.1376466	0.3874733
926	-1.58933	1.203325	-0.1353719	0.3878922
927	-1.559698	1.227412	-0.1337359	0.388311
928	-1.552082	1.263045	-0.1311497	0.3887299
929	-1.516547	1.282212	-0.1301637	0.3891488
930	-1.507412	1.316397	-0.1275031	0.3895677
931	-1.466763	1.330631	-0.1268566	0.3899866
932	-1.454324	1.361663	-0.1246067	0.3904055
933	-1.414166	1.374181	-0.1240686	0.3908244
934	-1.392602	1.39778	-0.1225596	0.3912433
935	-1.358315	1.412177	-0.1219392	0.3916622
936	-1.326983	1.426916	-0.1213085	0.3920811
937	-1.297215	1.442686	-0.1205042	0.3924999
938	-1.25852	1.449442	-0.1207412	0.3929188
939	-1.232157	1.466033	-0.1198563	0.3933377
940	-1.187629	1.465328	-0.120575	0.3937566
941	-1.163852	1.482089	-0.1199661	0.3941755
942	-1.116052	1.475793	-0.1208756	0.3945944
943	-1.09281	1.490907	-0.120723	0.3950133
944	-1.04685	1.483664	-0.1214082	0.3954322
945	-1.018596	1.491979	-0.1217734	0.395851
946	-0.9774011	1.486885	-0.122107	0.3962699
947	-0.94582	1.489363	-0.1232081	0.3966888
948	-0.9086502	1.486095	-0.1233627	0.3971077
949	-0.8744977	1.483415	-0.124844	0.3975266
950	-0.8414623	1.4826	-0.1247917	0.3979455
951	-0.8045316	1.474469	-0.1262767	0.3983644
952	-0.7754635	1.476294	-0.1263817	0.3987833
953	-0.7390804	1.466944	-0.127586	0.3992022
954	-0.7103439	1.467173	-0.128088	0.3996211
955	-0.6765883	1.459818	-0.1287597	0.4000399
956	-0.6475884	1.45771	-0.1295791	0.4004588
957	-0.6158969	1.451857	-0.1296819	0.4008777
958	-0.5874152	1.448585	-0.1309084	0.4012966
959	-0.558557	1.445995	-0.1305077	0.4017155
960	-0.5297509	1.440789	-0.1317246	0.4021344
961	-0.5035673	1.441787	-0.1309995	0.4025533
962	-0.4748282	1.436151	-0.132025	0.4029722
963	-0.4496659	1.437956	-0.1313034	0.4033911
964	-0.4227492	1.43544	-0.1318138	0.40381
965	-0.3970093	1.435055	-0.1312754	0.4042289
966	-0.3722536	1.436999	-0.1311367	0.4046477
967	-0.3468881	1.436535	-0.1309275	0.4050666
968	-0.3229691	1.440721	-0.130139	0.4054855
969	-0.2970187	1.437962	-0.1302304	0.4059044
970	-0.2747299	1.446873	-0.1289202	0.4063233
971	-0.2485493	1.443491	-0.1290481	0.4067422
972	-0.2263408	1.453537	-0.127605	0.4071611
973	-0.2009497	1.4534	-0.1275291	0.40758
974	-0.1779012	1.461481	-0.1262276	0.4079989
975	-0.1531623	1.465228	-0.1257869	0.4084178
976	-0.1292332	1.471053	-0.1249607	0.4088366
977	-0.1050666	1.479157	-0.1242256	0.4092555
978	-0.0804232	1.483276	-0.1239602	0.4096744
979	-0.05633006	1.495386	-0.1227657	0.4100933
980	-0.03107478	1.498908	-0.1227365	0.4105122
981	-0.006727223	1.514084	-0.1213684	0.4109311
982	0.01914454	1.518762	-0.1212065	0.41135
983	0.04405007	1.534927	-0.1197128	0.4117689
984	0.07084174	1.541466	-0.1190421	0.4121878
985	0.09682015	1.55529	-0.1176221	0.4126067
986	0.1241845	1.564412	-0.1164077	0.4130256
987	0.1508821	1.577371	-0.1151886	0.4134444
988	0.1788166	1.588728	-0.1135607	0.4138633
989	0.2059887	1.598746	-0.1128235	0.4142822
990	0.2344953	1.61159	-0.1108918	0.4147011
991	0.2620904	1.617681	-0.1105381	0.41512
992	0.2907194	1.631495	-0.108906	0.4155389
993	0.3184383	1.632493	-0.1086432	0.4159578
994	0.3465858	1.644876	-0.1075091	0.4163767
995	0.3739108	1.644213	-0.1074019	0.4167956
996	0.4014143	1.651108	-0.1068842	0.4172145
997	0.4277859	1.646912	-0.1067276	0.4176333
998	0.45407	1.649443	-0.1069777	0.4180522
999	0.4791457	1.641983	-0.1068171	0.4184711
1000	0.5031157	1.637318	-0.107794	0.41889
1001	0.5260441	1.625915	-0.107974	0.4193089
1002	0.5474868	1.614004	-0.1094611	0.4197278
1003	0.5679475	1.599511	-0.1099635	0.4201467
1004	0.5856931	1.578027	-0.1116256	0.4205656
1005	0.6030222	1.560353	-0.1127256	0.4209844
1006	0.6175032	1.533883	-0.1143881	0.4214033
1007	0.6315247	1.512038	-0.1160268	0.4218222
1008	0.6412609	1.477405	-0.1175678	0.4222411
1009	0.6513889	1.451586	-0.1199403	0.42266
1010	0.6567098	1.412655	-0.1214761	0.4230789
1011	0.6626085	1.38133	-0.1240287	0.4234978
1012	0.6639535	1.340638	-0.1257211	0.4239167
1013	0.6649489	1.303372	-0.1283212	0.4243356
1014	0.6621239	1.26114	-0.1302434	0.4247545
1015	0.6586701	1.220047	-0.132595	0.4251733
1016	0.6517843	1.176044	-0.1346051	0.4255922
1017	0.6439632	1.131873	-0.1366201	0.4260111
1018	0.6337924	1.087859	-0.1388306	0.42643
1019	0.6222045	1.042384	-0.140375	0.4268489
1020	0.6075818	0.9959594	-0.142439	0.4272678
1021	0.5936738	0.951961	-0.1436474	0.4276867
1022	0.5748956	0.9035178	-0.1457604	0.4281056
1023	0.558907	0.86172	-0.1467616	0.4285245
1024	0.5378447	0.8144857	-0.1483271	0.4289434
1025	0.5192411	0.7736735	-0.1493904	0.4293623
1026	0.4958577	0.7272964	-0.1503655	0.4297811
1027	0.4769166	0.6901962	-0.1512993	0.4302
1028	0.4522958	0.6460819	-0.151525	0.4306189
1029	0.431794	0.6105074	-0.1524299	0.4310378
1030	0.408747	0.571848	-0.1522225	0.4314567
1031	0.3851654	0.5357025	-0.1529527	0.4318756
1032	0.3654362	0.5042922	-0.1525582	0.4322945
1033	0.3386323	0.4672064	-0.152963	0.4327134
1034	0.3225859	0.4428657	-0.1526363	0.4331323
1035	0.2950183	0.407517	-0.1525706	0.4335512
1036	0.282428	0.3889724	-0.1524247	0.43397
1037	0.2535593	0.3547456	-0.1517386	0.4343889
1038	0.2458842	0.3426796	-0.1518567	0.4348078
1039	0.218735	0.3122264	-0.1508409	0.4352267
1040	0.211284	0.301387	-0.1509793	0.4356456
1041	0.1902465	0.278193	-0.149868	0.4360645
1042	0.1800742	0.2656846	-0.1499196	0.4364834
1043	0.1671714	0.2506621	-0.1489815	0.4369023
1044	0.1543235	0.2365077	-0.1487876	0.4373212
1045	0.1493495	0.2283153	-0.1480925	0.4377401
1046	0.1326427	0.2119756	-0.1475642	0.438159
1047	0.1375331	0.2110902	-0.1472676	0.4385778
1048	0.117968	0.1935914	-0.1463913	0.4389967
1049	0.1275486	0.1957278	-0.1464903	0.4394156
1050	0.1104488	0.1806267	-0.1454397	0.4398345
1051	0.1202657	0.1825074	-0.1456832	0.4402534
1052	0.1084471	0.1712698	-0.1446354	0.4406723
1053	0.1157848	0.1711606	-0.1447102	0.4410912
1054	0.1107082	0.1641943	-0.1438806	0.4415101
1055	0.1124812	0.1608189	-0.1438072	0.441929
1056	0.1177579	0.1591055	-0.1432467	0.4423479
1057	0.1098723	0.1512852	-0.143055	0.4427667
1058	0.1263416	0.1543347	-0.1428816	0.4431856
1059	0.1113878	0.1438608	-0.142397	0.4436045
1060	0.1329356	0.1484342	-0.1425749	0.4440234
1061	0.1156858	0.1378497	-0.1420876	0.4444423
1062	0.1373447	0.1415307	-0.1421365	0.4448612
1063	0.1240843	0.1332515	-0.1417623	0.4452801
1064	0.1381822	0.1337082	-0.1418471	0.445699
1065	0.1324413	0.1284406	-0.1417935	0.4461178
1066	0.1352942	0.1253636	-0.141608	0.4465367
1067	0.1424117	0.1238427	-0.1416816	0.4469556
1068	0.1316466	0.1176049	-0.1414179	0.4473745
1069	0.1494545	0.118498	-0.1417194	0.4477934
1070	0.1309805	0.1113834	-0.1414544	0.4482123
1071	0.1493774	0.1119284	-0.1416983	0.4486312
1072	0.1315557	0.1059796	-0.1414832	0.4490501
1073	0.1460019	0.1051755	-0.1416715	0.449469
1074	0.1308265	0.1008534	-0.1415484	0.4498879
1075	0.1378873	0.09877386	-0.1414396	0.4503067
1076	0.1318372	0.09630258	-0.1416366	0.4507256
1077	0.1245135	0.0931147	-0.1412887	0.4511445
1078	0.1310782	0.09213451	-0.1415894	0.4515634
1079	0.1135478	0.08902272	-0.1409423	0.4519823
1080	0.1232968	0.08826727	-0.1412718	0.4524012
1081	0.1031806	0.08619529	-0.1406657	0.4528201
1082	0.1094907	0.08528996	-0.1409706	0.453239
1083	0.09382578	0.08456371	-0.1403825	0.4536579
1084	0.09154866	0.08405553	-0.1404381	0.4540768
1085	0.08397094	0.08410325	-0.1400087	0.4544957
1086	0.06750081	0.08523384	-0.1398147	0.4549145
1087	0.07473484	0.08472566	-0.1395287	0.4553334
1088	0.04525157	0.08832403	-0.1390062	0.4557523
1089	0.06047397	0.08739267	-0.1389599	0.4561712
1090	0.02700476	0.09317591	-0.1382257	0.4565901
1091	0.0381963	0.09295395	-0.1382019	0.457009
1092	0.01051473	0.09952558	-0.1373876	0.4574279
1093	0.01371955	0.1010129	-0.1371976	0.4578468
1094	-0.005394322	0.1075972	-0.1364617	0.4582657
1095	-0.01470146	0.1125579	-0.1361272	0.4586846
1096	-0.02010512	0.1169482	-0.1354728	0.4591034
1097	-0.0468569	0.1279981	-0.1350732	0.4595223
1098	-0.03488642	0.1282559	-0.1345905	0.4599412
1099	-0.07342388	0.1444628	-0.1338526	0.4603601
1100	-0.05905911	0.1443026	-0.1333986	0.460779
1101	-0.09878161	0.1633345	-0.1325369	0.4611979
1102	-0.08652764	0.1640873	-0.1318648	0.4616168
1103	-0.1222225	0.1840612	-0.1309179	0.4620357
1104	-0.1169931	0.1881746	-0.1300672	0.4624546
1105	-0.1431048	0.2066184	-0.1292496	0.4628735
1106	-0.1514033	0.2173752	-0.128163	0.4632924
1107	-0.1624995	0.2307508	-0.1276828	0.4637112
1108	-0.1835333	0.2491954	-0.1268132	0.4641301
1109	-0.1849328	0.2590378	-0.1268961	0.464549
1110	-0.2101967	0.2818068	-0.1263628	0.4649679
1111	-0.2128759	0.2934586	-0.1267035	0.4653868
1112	-0.2346065	0.3166184	-0.1264724	0.4658057
1113	-0.239845	0.3308776	-0.126622	0.4662246
1114	-0.2574371	0.353881	-0.126405	0.4666435
1115	-0.2675807	0.3726342	-0.1261995	0.4670624
1116	-0.2762705	0.391753	-0.1260924	0.4674813
1117	-0.2945387	0.4180097	-0.1255514	0.4679001
1118	-0.2936589	0.4318781	-0.1255802	0.468319
1119	-0.3135577	0.4614248	-0.124817	0.4687379
1120	-0.3156917	0.4790385	-0.1250311	0.4691568
1121	-0.3274572	0.504281	-0.1242542	0.4695757
1122	-0.3358546	0.5286238	-0.1243948	0.4699946
1123	-0.338876	0.5485439	-0.123754	0.4704135
1124	-0.3523099	0.5791658	-0.1237186	0.4708324
1125	-0.3470223	0.5930501	-0.1233869	0.4712512
1126	-0.3678794	0.6333596	-0.1232425	0.4716702
1127	-0.3502297	0.6359909	-0.1231727	0.472089
1128	-0.3763363	0.6849295	-0.1229617	0.4725079
1129	-0.3553962	0.6844535	-0.1231068	0.4729268
1130	-0.3758955	0.7301682	-0.122654	0.4733457
1131	-0.3614749	0.7373834	-0.1228317	0.4737646
1132	-0.3713661	0.773864	-0.1224141	0.4741835
1133	-0.3631314	0.7892714	-0.1224669	0.4746024
1134	-0.3629932	0.8157319	-0.122249	0.4750213
1135	-0.3625154	0.8427427	-0.1221395	0.4754401
1136	-0.3499446	0.8539695	-0.1221531	0.475859
1137	-0.3577016	0.8953848	-0.1219487	0.4762779
1138	-0.3351234	0.8926133	-0.1222395	0.4766968
1139	-0.3451799	0.9405061	-0.1218246	0.4771157
1140	-0.3206496	0.9346524	-0.1222597	0.4775346
1141	-0.3274039	0.9809668	-0.121847	0.4779535
1142	-0.3033902	0.9750678	-0.1221159	0.4783724
1143	-0.3045836	1.015999	-0.122038	0.4787913
1144	-0.2841055	1.015942	-0.1220464	0.4792102
1145	-0.2773375	1.044149	-0.1220836	0.4796291
1146	-0.2632535	1.057079	-0.1217897	0.4800479
1147	-0.2467107	1.066694	-0.1220768	0.4804668
1148	-0.2381016	1.093155	-0.1215378	0.4808857
1149	-0.2152674	1.087415	-0.1217313	0.4813046
1150	-0.2090667	1.122592	-0.1210705	0.4817235
1151	-0.1836356	1.108988	-0.1212588	0.4821424
1152	-0.1759177	1.144181	-0.1207462	0.4825613
1153	-0.1507282	1.128246	-0.1205743	0.4829802
1154	-0.140211	1.158857	-0.1202736	0.4833991
1155	-0.1176762	1.148551	-0.1197642	0.483818
1156	-0.1019393	1.164391	-0.1197225	0.4842368
1157	-0.08342391	1.167446	-0.1189616	0.4846557
1158	-0.06270954	1.164035	-0.1190953	0.4850746
1159	-0.04637837	1.178055	-0.1183651	0.4854935
1160	-0.02360926	1.162115	-0.1184014	0.4859124
1161	-0.007955012	1.1816	-0.1177905	0.4863313
1162	0.01498563	1.158646	-0.1177381	0.4867502
1163	0.03141169	1.176836	-0.1172639	0.4871691
1164	0.05326936	1.152324	-0.1169944	0.487588
1165	0.07105505	1.164199	-0.1169428	0.4880069
1166	0.09092616	1.147878	-0.116436	0.4884258
1167	0.1102589	1.14328	-0.1167661	0.4888446
1168	0.1283535	1.139433	-0.1160825	0.4892635
1169	0.1478628	1.119915	-0.1166846	0.4896824
1170	0.1652649	1.126469	-0.1160232	0.4901013
1171	0.1838039	1.097474	-0.1166177	0.4905202
1172	0.2014357	1.105024	-0.116297	0.4909391
1173	0.2192476	1.075731	-0.1171899	0.491358
1174	0.2371686	1.079498	-0.1174258	0.4917769
1175	0.2523588	1.052263	-0.1173957	0.4921958
1176	0.2691041	1.043905	-0.1178738	0.4926147
1177	0.2845566	1.031172	-0.1177179	0.4930335
1178	0.2987133	1.00618	-0.1184259	0.4934524
1179	0.3143462	1.001435	-0.1180731	0.4938713
1180	0.3262472	0.9687481	-0.1189052	0.4942902
1181	0.3425567	0.9694086	-0.1187652	0.4947091
1182	0.3512432	0.9302755	-0.1193084	0.495128
1183	0.3676182	0.9317757	-0.1194589	0.4955469
1184	0.3744173	0.8916008	-0.1198399	0.4959658
1185	0.3897232	0.8897657	-0.1203343	0.4963847
1186	0.3961998	0.8563594	-0.1203468	0.4968036
1187	0.4076028	0.8410091	-0.1212698	0.4972224
1188	0.416318	0.8205124	-0.1211348	0.4976413
1189	0.4220674	0.7909682	-0.1220811	0.4980602
1190	0.4333292	0.7814845	-0.1219265	0.4984791
1191	0.4343357	0.7426003	-0.1229028	0.498898
1192	0.4469832	0.7384155	-0.1230286	0.4993169
1193	0.4434475	0.6943586	-0.1235284	0.4997358
1194	0.4569468	0.6928833	-0.124108	0.5001547
1195	0.4503496	0.6477729	-0.1241462	0.5005736
1196	0.461916	0.6428197	-0.1251281	0.5009924
1197	0.4559085	0.604282	-0.1247951	0.5014113
1198	0.4612744	0.5881669	-0.1261306	0.5018302
1199	0.4573116	0.557965	-0.1256827	0.5022491
1200	0.4586151	0.5369676	-0.1270107	0.502668
1201	0.4547615	0.5101912	-0.1266319	0.5030869
1202	0.4524934	0.4863597	-0.1276937	0.5035058
1203	0.4494493	0.4635179	-0.1277163	0.5039247
1204	0.4412077	0.4338995	-0.1282715	0.5043436
1205	0.4397863	0.4157386	-0.1288713	0.5047625
1206	0.428601	0.3855706	-0.1289516	0.5051814
1207	0.4240232	0.365074	-0.1300532	0.5056002
1208	0.4112549	0.3367879	-0.1296321	0.5060191
1209	0.4036989	0.3150567	-0.1310071	0.506438
1210	0.3870831	0.2855093	-0.1304073	0.5068569
1211	0.3820229	0.269742	-0.1317336	0.5072758
1212	0.360334	0.2374561	-0.1312357	0.5076947
1213	0.3523041	0.2214102	-0.1320474	0.5081136
1214	0.3303168	0.1920234	-0.1317461	0.5085325
1215	0.3193239	0.1757859	-0.1320412	0.5089514
1216	0.2950718	0.1470697	-0.1323862	0.5093703
1217	0.2846084	0.1341933	-0.1320257	0.5097891
1218	0.2559952	0.1043239	-0.1327113	0.510208
1219	0.2455148	0.09393806	-0.1319772	0.5106269
1220	0.2180054	0.06821794	-0.1325732	0.5110458
1221	0.2027685	0.05569756	-0.131731	0.5114647
1222	0.1780028	0.03544187	-0.1321286	0.5118836
1223	0.1606541	0.0227915	-0.1314748	0.5123025
1224	0.135221	0.004735973	-0.1313597	0.5127214
1225	0.1166618	-0.007205312	-0.131144	0.5131403
1226	0.09585385	-0.01961676	-0.1305704	0.5135592
1227	0.07020003	-0.03489251	-0.1309233	0.5139781
1228	0.05488188	-0.0415011	-0.1301587	0.5143969
1229	0.02483479	-0.05758072	-0.1307312	0.5148158
1230	0.01146571	-0.06125335	-0.1296709	0.5152347
1231	-0.02012732	-0.07578921	-0.1301099	0.5156536
1232	-0.03316126	-0.07792428	-0.1290308	0.5160725
1233	-0.06987711	-0.09241042	-0.1289001	0.5164914
1234	-0.0791678	-0.09153344	-0.1282625	0.5169103
1235	-0.1192327	-0.1053409	-0.1277549	0.5173292
1236	-0.1297846	-0.1047898	-0.1278898	0.5177481
1237	-0.1657293	-0.1149094	-0.1273459	0.518167
1238	-0.1813489	-0.1161166	-0.1281551	0.5185858
1239	-0.2111651	-0.1214085	-0.1272303	0.5190047
1240	-0.2291233	-0.1219546	-0.1279958	0.5194236
1241	-0.2531979	-0.1230132	-0.1268015	0.5198425
1242	-0.2749735	-0.1228476	-0.127067	0.5202614
1243	-0.2916144	-0.1198609	-0.1260107	0.5206802
1244	-0.3196908	-0.1195988	-0.1256818	0.5210992
1245	-0.3290062	-0.113378	-0.1249285	0.5215181
1246	-0.3581243	-0.1114938	-0.1238751	0.521937
1247	-0.3662083	-0.1042125	-0.123464	0.5223559
1248	-0.3926954	-0.09990827	-0.1218551	0.5227748
1249	-0.4016849	-0.09216789	-0.1215249	0.5231936
1250	-0.4240938	-0.0856814	-0.1194811	0.5236125
1251	-0.4327808	-0.07710293	-0.1191773	0.5240314
1252	-0.4507906	-0.06901404	-0.1173935	0.5244503
1253	-0.4642454	-0.06014167	-0.1165775	0.5248692
1254	-0.4727855	-0.05042404	-0.1151157	0.525288
1255	-0.4895393	-0.04101205	-0.1140173	0.5257069
1256	-0.4924328	-0.03073251	-0.1129317	0.5261258
1257	-0.5062392	-0.02015701	-0.111217	0.5265447
1258	-0.5073546	-0.01001922	-0.1109778	0.5269637
1259	-0.5173272	0.001130832	-0.108888	0.5273825
1260	-0.5162216	0.01117217	-0.1088535	0.5278014
1261	-0.520831	0.02229336	-0.1069205	0.5282203
1262	-0.5221779	0.03226966	-0.1067114	0.5286392
1263	-0.5198305	0.04253774	-0.1053111	0.5290581
1264	-0.5239959	0.05271332	-0.1043683	0.5294769
1265	-0.5154023	0.06164099	-0.1037422	0.5298958
1266	-0.5219156	0.07181405	-0.1032834	0.5303147
1267	-0.5104812	0.07939692	-0.102557	0.5307336
1268	-0.5142974	0.08931057	-0.101697	0.5311525
1269	-0.5044322	0.09604985	-0.1019831	0.5315714
1270	-0.5042793	0.1051322	-0.1007936	0.5319903
1271	-0.4968777	0.111717	-0.1012245	0.5324092
1272	-0.4905665	0.1190649	-0.1003209	0.5328281
1273	-0.4884083	0.1264971	-0.1005039	0.533247
1274	-0.4736875	0.131091	-0.1000484	0.5336659
1275	-0.4780446	0.1398178	-0.09991122	0.5340847
1276	-0.4578443	0.1417256	-0.1001746	0.5345036
1277	-0.4627375	0.1509519	-0.09956783	0.5349225
1278	-0.4410317	0.151034	-0.1005931	0.5353414
1279	-0.4454851	0.1601785	-0.09953799	0.5357603
1280	-0.4257679	0.1599049	-0.1005823	0.5361792
1281	-0.4260207	0.167435	-0.09980587	0.5365981
1282	-0.4110426	0.1683808	-0.1007	0.537017
1283	-0.4035211	0.1722616	-0.1001481	0.5374359
1284	-0.397406	0.176508	-0.1006742	0.5378548
1285	-0.3827951	0.1764849	-0.1007634	0.5382736
1286	-0.3823536	0.1832735	-0.1007043	0.5386925
1287	-0.3631675	0.1800174	-0.1015157	0.5391114
1288	-0.3675367	0.1893627	-0.1010681	0.5395303
1289	-0.3462734	0.1839534	-0.102226	0.5399492
1290	-0.3511953	0.1937493	-0.1016027	0.5403681
1291	-0.328525	0.1865986	-0.1027875	0.540787
1292	-0.3334071	0.1962937	-0.1023679	0.5412059
1293	-0.3156264	0.1914537	-0.10334	0.5416248
1294	-0.3144315	0.1970501	-0.1033639	0.5420437
1295	-0.3034492	0.1963298	-0.1039152	0.5424625
1296	-0.2964618	0.1976011	-0.1044612	0.5428814
1297	-0.2914073	0.2010693	-0.104485	0.5433003
1298	-0.2802384	0.1986378	-0.1055987	0.5437192
1299	-0.2803149	0.2062318	-0.1051829	0.5441381
1300	-0.2650945	0.2000303	-0.1063235	0.544557
1301	-0.2690678	0.2109737	-0.1061748	0.5449759
1302	-0.2526318	0.2033998	-0.1070342	0.5453948
1303	-0.2567905	0.214582	-0.1069892	0.5458137
1304	-0.2433935	0.2095507	-0.1074183	0.5462326
1305	-0.2442657	0.217703	-0.1078772	0.5466515
1306	-0.2350418	0.2167468	-0.1078382	0.5470703
1307	-0.2336519	0.2227412	-0.1087974	0.5474892
1308	-0.2277999	0.2256221	-0.1086958	0.5479081
1309	-0.2235845	0.2287544	-0.1098588	0.548327
1310	-0.2218544	0.2366207	-0.1096102	0.5487459
1311	-0.2142505	0.2361237	-0.1109896	0.5491648
1312	-0.2150612	0.2473081	-0.1109541	0.5495837
1313	-0.2082203	0.2484479	-0.112014	0.5500026
1314	-0.2074341	0.2579942	-0.112528	0.5504215
1315	-0.2026177	0.2627099	-0.1131603	0.5508404
1316	-0.2006165	0.2710353	-0.1141304	0.5512592
1317	-0.196477	0.2776903	-0.1143594	0.5516781
1318	-0.1936718	0.2852227	-0.1158838	0.552097
1319	-0.1911387	0.2955303	-0.1157767	0.5525159
1320	-0.1866678	0.301097	-0.1174817	0.5529348
1321	-0.1849313	0.3137094	-0.1173556	0.5533537
1322	-0.1798514	0.3195553	-0.118943	0.5537726
1323	-0.177569	0.3319588	-0.1190441	0.5541915
1324	-0.1729986	0.3403441	-0.1203189	0.5546104
1325	-0.1690732	0.3502787	-0.120887	0.5550293
1326	-0.1650632	0.3615511	-0.1216196	0.5554482
1327	-0.1599979	0.3697984	-0.1227725	0.555867
1328	-0.1563166	0.3838495	-0.1231027	0.5562859
1329	-0.1497978	0.3894771	-0.1246121	0.5567048
1330	-0.1459316	0.4051477	-0.1246222	0.5571237
1331	-0.1385414	0.4098128	-0.1262103	0.5575426
1332	-0.1341854	0.4256456	-0.1262513	0.5579615
1333	-0.1265	0.4315827	-0.1276592	0.5583804
1334	-0.1206047	0.443988	-0.1278823	0.5587993
1335	-0.113258	0.4533843	-0.128757	0.5592182
1336	-0.1059344	0.4623427	-0.1292327	0.5596371
1337	-0.09810839	0.4728959	-0.1295256	0.5600559
1338	-0.09011205	0.4803666	-0.1303785	0.5604748
1339	-0.08199665	0.4930644	-0.1300592	0.5608937
1340	-0.07292769	0.4979198	-0.1309175	0.5613126
1341	-0.06447365	0.5118657	-0.1307353	0.5617315
1342	-0.05460878	0.5163519	-0.1314614	0.5621504
1343	-0.04556348	0.5297967	-0.1310731	0.5625693
1344	-0.03509146	0.5357082	-0.1315818	0.5629882
1345	-0.02525883	0.5470783	-0.1314872	0.5634071
1346	-0.01416445	0.5553901	-0.1313052	0.563826
1347	-0.003658345	0.5661323	-0.131386	0.5642449
1348	0.008399109	0.5758557	-0.1306295	0.5646637
1349	0.01974869	0.5847694	-0.1309535	0.5650826
1350	0.03272735	0.5972968	-0.1297566	0.5655015
1351	0.04512615	0.6035445	-0.1301863	0.5659204
1352	0.05891808	0.6181693	-0.1287853	0.5663393
1353	0.07244746	0.6240193	-0.1287811	0.5667582
1354	0.08708356	0.6386209	-0.1275793	0.5671771
1355	0.101707	0.644642	-0.1272547	0.567596
1356	0.1173221	0.6595007	-0.1266529	0.5680149
1357	0.1329979	0.665135	-0.1262399	0.5684338
1358	0.1495304	0.6795819	-0.1267141	0.5688526
1359	0.1665502	0.6875841	-0.1261774	0.5692715
1360	0.1835803	0.6978062	-0.1269773	0.5696904
1361	0.2018724	0.7078298	-0.1260858	0.5701093
1362	0.2197984	0.7163039	-0.1262891	0.5705282
1363	0.2389451	0.7268031	-0.1250926	0.5709471
1364	0.2578112	0.734085	-0.1248932	0.571366
1365	0.277861	0.7448308	-0.1236359	0.5717849
1366	0.2972402	0.7492684	-0.1226649	0.5722038
1367	0.3180326	0.7602616	-0.1217414	0.5726227
1368	0.3379414	0.7632654	-0.1203268	0.5730415
1369	0.3594877	0.7726931	-0.1194012	0.5734604
1370	0.3797368	0.774631	-0.117589	0.5738793
1371	0.4017042	0.7819466	-0.1165551	0.5742982
1372	0.422319	0.7835441	-0.1146753	0.5747171
1373	0.4441797	0.7875975	-0.1135136	0.575136
1374	0.4649632	0.7886552	-0.1117454	0.5755548
1375	0.486991	0.7906631	-0.1104451	0.5759737
1376	0.5076936	0.7904932	-0.1089202	0.5763927
1377	0.529	0.7894217	-0.1072934	0.5768116
1378	0.5500335	0.789172	-0.1064119	0.5772305
1379	0.5712057	0.7866716	-0.1045562	0.5776493
1380	0.590812	0.7828783	-0.1038918	0.5780682
1381	0.61232	0.7806696	-0.1024975	0.5784871
1382	0.6303503	0.7732931	-0.1019086	0.578906
1383	0.6518558	0.7708936	-0.1008338	0.5793249
1384	0.6687171	0.7609932	-0.09992308	0.5797437
1385	0.6896544	0.757544	-0.09978982	0.5801626
1386	0.7052201	0.7454297	-0.09928899	0.5805815
1387	0.7260178	0.7417492	-0.09923188	0.5810004
1388	0.7406735	0.7282586	-0.09889439	0.5814193
1389	0.7592325	0.7213864	-0.09946116	0.5818382
1390	0.7756036	0.7101375	-0.09911881	0.5822571
1391	0.7897964	0.6977342	-0.09974665	0.582676
1392	0.8079193	0.6889086	-0.09962145	0.5830949
1393	0.8182039	0.6718573	-0.1003091	0.5835138
1394	0.8375545	0.6646481	-0.1004299	0.5839326
1395	0.8448888	0.6445104	-0.100775	0.5843515
1396	0.8660064	0.6390698	-0.1012085	0.5847704
1397	0.8697402	0.6156502	-0.1011191	0.5851893
1398	0.8914408	0.6106136	-0.1018477	0.5856082
1399	0.8945572	0.5872211	-0.1014041	0.5860271
1400	0.9130077	0.5789225	-0.1022341	0.586446
1401	0.9189318	0.5587357	-0.1018908	0.5868649
1402	0.9308583	0.5446377	-0.102348	0.5872838
1403	0.9409757	0.5285438	-0.1020392	0.5877027
1404	0.9473881	0.5100686	-0.102346	0.5881216
1405	0.9615481	0.4974696	-0.1023762	0.5885404
1406	0.9606805	0.4741212	-0.1023366	0.5889593
1407	0.9805099	0.4656255	-0.1027315	0.5893782
1408	0.974206	0.4391816	-0.1023246	0.5897971
1409	0.9932844	0.4301136	-0.103002	0.590216
1410	0.9870288	0.4046358	-0.1024778	0.5906349
1411	1.003343	0.3936769	-0.1030607	0.5910538
1412	0.9988748	0.3702923	-0.1025912	0.5914727
1413	1.009035	0.3556974	-0.1030887	0.5918916
1414	1.009518	0.3358546	-0.1026547	0.5923105
1415	1.010863	0.316927	-0.1029736	0.5927293
1416	1.01896	0.3014756	-0.1028756	0.5931482
1417	1.009673	0.278194	-0.1028709	0.5935671
1418	1.024755	0.2662735	-0.103144	0.593986
1419	1.007562	0.240718	-0.1029762	0.5944049
1420	1.023905	0.2294131	-0.1034444	0.5948238
1421	1.004386	0.2045505	-0.1033696	0.5952427
1422	1.017626	0.1921113	-0.1038734	0.5956616
1423	1.000017	0.16961	-0.1038361	0.5960805
1424	1.004395	0.1544896	-0.1043689	0.5964994
1425	0.9943569	0.1357777	-0.1045891	0.5969183
1426	0.9856457	0.117674	-0.1049638	0.5973371
1427	0.9858427	0.1027591	-0.1055967	0.597756
1428	0.9653314	0.0829734	-0.1057826	0.5981749
1429	0.9721621	0.07039987	-0.1066323	0.5985938
1430	0.9434446	0.05050453	-0.107039	0.5990127
1431	0.9520579	0.03858959	-0.1077879	0.5994316
1432	0.9234261	0.02064989	-0.1082901	0.5998505
1433	0.9262787	0.00799529	-0.1090892	0.6002694
1434	0.901287	-0.007308146	-0.109806	0.6006883
1435	0.8946786	-0.02056235	-0.1104009	0.6011072
1436	0.8798324	-0.0332833	-0.1114837	0.601526
1437	0.8592013	-0.04677557	-0.1118255	0.6019449
1438	0.8562043	-0.05756318	-0.1130466	0.6023638
1439	0.8260835	-0.07034568	-0.113257	0.6027827
1440	0.8223273	-0.08037638	-0.1143834	0.6032016
1441	0.7926955	-0.09113333	-0.1147743	0.6036205
1442	0.7841792	-0.1003443	-0.1161307	0.6040394
1443	0.7573637	-0.1090784	-0.1165612	0.6044583
1444	0.7401916	-0.1170974	-0.1176486	0.6048772
1445	0.7224694	-0.1245666	-0.1184026	0.6052961
1446	0.6909961	-0.1301213	-0.1192572	0.605715
1447	0.6862791	-0.1373617	-0.1201372	0.6061338
1448	0.6439979	-0.1399262	-0.1208147	0.6065527
1449	0.6430255	-0.1467466	-0.1216814	0.6069716
1450	0.6002443	-0.146571	-0.1223746	0.6073905
1451	0.5943452	-0.1514372	-0.1235259	0.6078094
1452	0.5569326	-0.1500365	-0.1239891	0.6082283
1453	0.5431318	-0.1523096	-0.1249372	0.6086472
1454	0.5127841	-0.1500654	-0.1255295	0.6090661
1455	0.4858224	-0.1476225	-0.1263449	0.609485
1456	0.4700811	-0.14684	-0.127091	0.6099039
1457	0.4266298	-0.1378863	-0.1276747	0.6103227
1458	0.4239713	-0.1393823	-0.1284451	0.6107416
1459	0.3716377	-0.1245918	-0.1289954	0.6111605
1460	0.3701446	-0.1254186	-0.1296599	0.6115794
1461	0.3188239	-0.1077363	-0.1301035	0.6119983
1462	0.3132429	-0.1062782	-0.1303929	0.6124172
1463	0.2670793	-0.08716289	-0.13081	0.6128361
1464	0.2557166	-0.08155699	-0.1310054	0.613255
1465	0.2192949	-0.06358695	-0.131343	0.6136739
1466	0.193083	-0.04960826	-0.1311566	0.6140928
1467	0.1727226	-0.03661085	-0.1313862	0.6145116
1468	0.1361955	-0.01509074	-0.1308273	0.6149305
1469	0.1224994	-0.003209823	-0.1310797	0.6153494
1470	0.08482762	0.02164299	-0.1303012	0.6157683
1471	0.06869838	0.03680446	-0.1304658	0.6161872
1472	0.03553193	0.06241118	-0.129575	0.6166061
1473	0.01835542	0.07980118	-0.1291314	0.617025
1474	-0.009671828	0.1055029	-0.1287683	0.6174439
1475	-0.03155372	0.1280601	-0.1280553	0.6178628
1476	-0.04904019	0.1494824	-0.1276014	0.6182817
1477	-0.07810333	0.179432	-0.1266359	0.6187006
1478	-0.08689967	0.1966894	-0.1263169	0.6191194
1479	-0.1151245	0.2289462	-0.1252692	0.6195383
1480	-0.1271814	0.2509637	-0.1253907	0.6199572
1481	-0.1465632	0.279001	-0.1246426	0.6203761
1482	-0.1647343	0.3080673	-0.1247511	0.620795
1483	-0.1743886	0.3303482	-0.1241545	0.6212139
1484	-0.196725	0.3658665	-0.1239994	0.6216328
1485	-0.1971339	0.3815384	-0.1233275	0.6220517
1486	-0.2273922	0.427844	-0.1226456	0.6224706
1487	-0.2151988	0.4324769	-0.12183	0.6228895
1488	-0.247393	0.4846542	-0.1207212	0.6233083
1489	-0.2349524	0.4901058	-0.1198801	0.6237272
1490	-0.2588539	0.5368962	-0.11845	0.6241461
1491	-0.2524165	0.5500099	-0.1173941	0.624565
1492	-0.26526	0.5872809	-0.1158983	0.6249839
1493	-0.2642232	0.6083051	-0.1145994	0.6254028
1494	-0.2668384	0.6350783	-0.1131175	0.6258217
1495	-0.2729941	0.667244	-0.1114973	0.6262406
1496	-0.26198	0.6779322	-0.1104005	0.6266595
1497	-0.2756339	0.723648	-0.1086106	0.6270784
1498	-0.2560945	0.722206	-0.1076728	0.6274973
1499	-0.2699359	0.771828	-0.1057755	0.6279161
1500	-0.2490239	0.768187	-0.1050079	0.628335
1501	-0.2591374	0.8159502	-0.1033419	0.6287539
1502	-0.2390224	0.8129489	-0.1025001	0.6291728
1503	-0.2424787	0.852977	-0.1012511	0.6295917
1504	-0.2259433	0.8561839	-0.100356	0.6300105
1505	-0.220949	0.8829697	-0.0995893	0.6304294
1506	-0.2111447	0.9000784	-0.09864832	0.6308483
1507	-0.1957901	0.9073148	-0.09858239	0.6312672
1508	-0.1909712	0.9371693	-0.09774978	0.6316862
1509	-0.1699747	0.930616	-0.0979701	0.632105
1510	-0.1667559	0.968371	-0.09762441	0.6325239
1511	-0.1431029	0.952709	-0.09795109	0.6329428
1512	-0.138294	0.9903436	-0.09805524	0.6333617
1513	-0.115636	0.9748372	-0.09839287	0.6337806
1514	-0.1069408	1.004723	-0.0989742	0.6341994
1515	-0.08737529	0.99751	-0.0992763	0.6346183
1516	-0.07339884	1.010535	-0.09990182	0.6350372
1517	-0.05837438	1.018576	-0.1001871	0.6354561
1518	-0.03900895	1.011594	-0.1012785	0.635875
1519	-0.02623072	1.029092	-0.1011781	0.6362939
1520	-0.005656257	1.014237	-0.1023391	0.6367128
1521	0.007567158	1.034919	-0.102504	0.6371317
1522	0.02805119	1.012666	-0.1032339	0.6375506
1523	0.04214964	1.033112	-0.1037285	0.6379695
1524	0.06165509	1.010283	-0.1041452	0.6383884
1525	0.07717236	1.021547	-0.1047713	0.6388072
1526	0.09439873	1.010231	-0.1048259	0.6392261
1527	0.1115051	1.003516	-0.1056196	0.639645
1528	0.1271003	1.004389	-0.1052928	0.6400639
1529	0.1445843	0.9841607	-0.1062679	0.6404828
1530	0.1597046	0.9933376	-0.105809	0.6409017
1531	0.1760091	0.9655184	-0.106494	0.6413206
1532	0.1917826	0.9757242	-0.1063898	0.6417395
1533	0.2069332	0.9467002	-0.1069563	0.6421584
1534	0.2229544	0.9519851	-0.1072501	0.6425773
1535	0.2366741	0.9290833	-0.1072178	0.6429961
1536	0.2510425	0.919797	-0.1074866	0.643415
1537	0.2648486	0.9107656	-0.1071472	0.6438339
1538	0.2769972	0.8843772	-0.1077898	0.6442528
1539	0.2910528	0.8840222	-0.1071753	0.6446717
1540	0.3009576	0.8519936	-0.1077695	0.6450906
1541	0.3153995	0.8534658	-0.1074355	0.6455095
1542	0.3225121	0.8165328	-0.1077595	0.6459284
1543	0.3372059	0.8198808	-0.1077796	0.6463473
1544	0.3424931	0.7822638	-0.1079804	0.6467662
1545	0.3556696	0.779763	-0.1084611	0.6471851
1546	0.3612094	0.7507777	-0.1083464	0.6476039
1547	0.3700226	0.7333272	-0.1092834	0.6480228
1548	0.3777463	0.717297	-0.1089907	0.6484417
1549	0.3810491	0.6861814	-0.1100502	0.6488606
1550	0.3917651	0.6808129	-0.1100949	0.6492795
1551	0.3900928	0.6412895	-0.1108791	0.6496984
1552	0.4017351	0.6394982	-0.1112153	0.6501173
1553	0.3963938	0.5963364	-0.1116775	0.6505362
1554	0.4083608	0.5962417	-0.1124089	0.6509551
1555	0.4007828	0.5537698	-0.1124589	0.651374
1556	0.4103293	0.5487409	-0.1137542	0.6517928
1557	0.4037024	0.5135632	-0.1134357	0.6522117
1558	0.406745	0.4970732	-0.1149555	0.6526306
1559	0.4029573	0.4709997	-0.1146988	0.6530495
1560	0.4018857	0.4497674	-0.1161468	0.6534684
1561	0.3981879	0.4267673	-0.1160318	0.6538873
1562	0.3935488	0.4026427	-0.1172197	0.6543062
1563	0.391279	0.3843416	-0.1175414	0.6547251
1564	0.3811008	0.3550526	-0.1181798	0.655144
1565	0.3800038	0.3402258	-0.1191146	0.6555629
1566	0.3676501	0.3115076	-0.1192306	0.6559817
1567	0.3630779	0.2935356	-0.1205777	0.6564006
1568	0.3497413	0.267054	-0.1202889	0.6568195
1569	0.3438469	0.2496819	-0.1218412	0.6572384
1570	0.3270741	0.2218917	-0.1214738	0.6576573
1571	0.3232493	0.2094264	-0.1230528	0.6580762
1572	0.3020793	0.1793224	-0.12291	0.6584951
1573	0.2950285	0.165959	-0.123954	0.658914
1574	0.2747663	0.1395441	-0.1242445	0.6593329
1575	0.2649532	0.1258798	-0.1247517	0.6597518
1576	0.2411077	0.09854911	-0.1255364	0.6601707
1577	0.2319572	0.08801936	-0.1256265	0.6605895
1578	0.2050855	0.06066929	-0.1266196	0.6610084
1579	0.194023	0.05064272	-0.1264771	0.6614273
1580	0.1675297	0.02683689	-0.1275874	0.6618462
1581	0.1519187	0.01502885	-0.1273381	0.6622651
1582	0.1264731	-0.004512062	-0.1281009	0.662684
1583	0.1070633	-0.01729682	-0.1280495	0.6631029
1584	0.08067122	-0.03442514	-0.1282962	0.6635218
1585	0.05757526	-0.04783258	-0.1286487	0.6639407
1586	0.03474556	-0.05928963	-0.1281659	0.6643596
1587	0.002776882	-0.07654044	-0.1288141	0.6647784
1588	-0.01574031	-0.08247153	-0.1278609	0.6651973
1589	-0.050916	-0.09883309	-0.1285111	0.6656162
1590	-0.06910242	-0.1024143	-0.1273223	0.6660351
1591	-0.1054199	-0.1164315	-0.1277932	0.666454
1592	-0.1222109	-0.1174602	-0.1267105	0.6668729
1593	-0.1633153	-0.1309855	-0.1266352	0.6672918
1594	-0.1751431	-0.128053	-0.1261757	0.6677107
1595	-0.2170716	-0.1390896	-0.1256944	0.6681296
1596	-0.2318284	-0.1364845	-0.125646	0.6685485
1597	-0.268479	-0.1424946	-0.124689	0.6689674
1598	-0.2864547	-0.1402095	-0.1249651	0.6693862
1599	-0.3187909	-0.1422865	-0.1236598	0.6698051
1600	-0.3394828	-0.1398086	-0.1240126	0.670224
1601	-0.3653246	-0.1377912	-0.1227743	0.6706429
1602	-0.3923145	-0.1360018	-0.1229261	0.6710618
1603	-0.41069	-0.1306212	-0.1222645	0.6714807
1604	-0.44337	-0.1292729	-0.1222036	0.6718996
1605	-0.4567185	-0.1220933	-0.122418	0.6723185
1606	-0.4899955	-0.1193265	-0.1220237	0.6727374
1607	-0.5037017	-0.1113595	-0.1225796	0.6731563
1608	-0.534808	-0.1057752	-0.1215983	0.6735751
1609	-0.5490512	-0.09654875	-0.1221029	0.673994
1610	-0.5764236	-0.08819503	-0.1205793	0.6744129
1611	-0.5908159	-0.07738238	-0.1207035	0.6748318
1612	-0.6131901	-0.06681684	-0.1191276	0.6752507
1613	-0.633078	-0.05519869	-0.1186177	0.6756696
1614	-0.6469181	-0.04246967	-0.1172371	0.6760885
1615	-0.6697823	-0.0295765	-0.1159659	0.6765074
1616	-0.6809844	-0.01585039	-0.1149682	0.6769263
1617	-0.7000188	-0.001227523	-0.1131514	0.6773452
1618	-0.7116384	0.01301597	-0.1124669	0.6777641
1619	-0.7268544	0.02883576	-0.1103385	0.6781829
1620	-0.7355318	0.04378283	-0.1097332	0.6786018
1621	-0.7463139	0.06006264	-0.1077294	0.6790207
1622	-0.7562772	0.07570888	-0.1068622	0.6794396
1623	-0.75905	0.09169903	-0.1053038	0.6798585
1624	-0.7707439	0.1078619	-0.1041109	0.6802773
1625	-0.7662291	0.1227871	-0.1030691	0.6806962
1626	-0.7741821	0.1389043	-0.1012062	0.6811152
1627	-0.7672905	0.1525362	-0.1014819	0.6815341
1628	-0.7701606	0.1678782	-0.09950701	0.681953
1629	-0.763027	0.1802861	-0.09996058	0.6823718
1630	-0.7582219	0.1936386	-0.09849455	0.6827907
1631	-0.7507805	0.2049278	-0.09898549	0.6832096
1632	-0.7390707	0.2154407	-0.09814278	0.6836285
1633	-0.734237	0.2262938	-0.09856851	0.6840474
1634	-0.7133914	0.2330625	-0.09839874	0.6844662
1635	-0.7107254	0.2432248	-0.09874779	0.6848851
1636	-0.6859465	0.2467046	-0.09951481	0.685304
1637	-0.6821105	0.2559883	-0.09945393	0.6857229
1638	-0.6561875	0.2570894	-0.100773	0.6861418
1639	-0.648941	0.2644359	-0.1004931	0.6865607
1640	-0.6255304	0.264776	-0.102023	0.6869796
1641	-0.6145556	0.2699605	-0.101687	0.6873985
1642	-0.5952421	0.2707879	-0.1029497	0.6878174
1643	-0.5772153	0.2717568	-0.1032462	0.6882363
1644	-0.5642211	0.2744561	-0.1038861	0.6886552
1645	-0.5401627	0.2713658	-0.1045466	0.689074
1646	-0.5323737	0.2759163	-0.1048274	0.6894929
1647	-0.5053867	0.2699264	-0.1058687	0.6899118
1648	-0.4996854	0.2752534	-0.1054858	0.6903307
1649	-0.4714291	0.2670951	-0.1069073	0.6907496
1650	-0.467735	0.2730299	-0.1063052	0.6911685
1651	-0.4408171	0.2644066	-0.1074867	0.6915874
1652	-0.4355518	0.2687366	-0.1072743	0.6920063
1653	-0.4135821	0.2621496	-0.1080109	0.6924252
1654	-0.4030658	0.2623319	-0.1080752	0.6928441
1655	-0.3884364	0.2598457	-0.1085422	0.6932629
1656	-0.3746335	0.256816	-0.1090069	0.6936818
1657	-0.3642995	0.256972	-0.1088533	0.6941007
1658	-0.3466742	0.2500477	-0.1098891	0.6945196
1659	-0.3423075	0.2545073	-0.1093662	0.6949385
1660	-0.3228952	0.2452391	-0.1103775	0.6953574
1661	-0.3219552	0.2522745	-0.1101361	0.6957763
1662	-0.3017448	0.2417962	-0.1107825	0.6961952
1663	-0.3007966	0.2484944	-0.1106572	0.6966141
1664	-0.284839	0.2412586	-0.1110281	0.697033
1665	-0.2814814	0.2453991	-0.1112873	0.6974518
1666	-0.2689613	0.2411754	-0.1111027	0.6978707
1667	-0.2636944	0.2430021	-0.1119575	0.6982896
1668	-0.2549406	0.242414	-0.1116099	0.6987085
1669	-0.246849	0.2408325	-0.1126925	0.6991274
1670	-0.2417384	0.2441619	-0.1123687	0.6995463
1671	-0.231157	0.2395309	-0.1133204	0.6999652
1672	-0.2282401	0.2450964	-0.1132658	0.7003841
1673	-0.2188314	0.2420107	-0.1140689	0.700803
1674	-0.2148567	0.246003	-0.1145464	0.7012219
1675	-0.2071787	0.2453948	-0.1148921	0.7016408
1676	-0.2031488	0.2490032	-0.116115	0.7020596
1677	-0.1963232	0.2499417	-0.1161097	0.7024785
1678	-0.1914612	0.2522732	-0.1177775	0.7028974
1679	-0.1870728	0.2573856	-0.1177012	0.7033163
1680	-0.1809516	0.2578885	-0.119478	0.7037352
1681	-0.1772119	0.2644077	-0.1194334	0.7041541
1682	-0.1714448	0.2663437	-0.121135	0.704573
1683	-0.1675866	0.2728151	-0.121261	0.7049919
1684	-0.1628608	0.2781046	-0.122482	0.7054108
1685	-0.1580005	0.2829873	-0.1231179	0.7058297
1686	-0.1542374	0.2917193	-0.1236074	0.7062485
1687	-0.1488629	0.2960586	-0.1246941	0.7066674
1688	-0.1455261	0.3078093	-0.1247776	0.7070863
1689	-0.1394213	0.3112676	-0.126018	0.7075052
1690	-0.1363793	0.3257501	-0.1257832	0.7079241
1691	-0.1300802	0.3303988	-0.1270454	0.708343
1692	-0.1266743	0.3456105	-0.126829	0.7087619
1693	-0.1204392	0.3529647	-0.1278132	0.7091808
1694	-0.1157599	0.3660274	-0.127842	0.7095997
1695	-0.1097438	0.3772452	-0.1282401	0.7100186
1696	-0.1040341	0.3890257	-0.1285199	0.7104375
1697	-0.09748986	0.401983	-0.1283116	0.7108563
1698	-0.09082616	0.4121396	-0.1290089	0.7112752
1699	-0.08406179	0.4283252	-0.1283754	0.7116941
1700	-0.07605501	0.4356996	-0.1289331	0.712113
1701	-0.06886007	0.4533397	-0.1285074	0.7125319
1702	-0.05999888	0.4607198	-0.1290713	0.7129508
1703	-0.05187363	0.4759724	-0.1284916	0.7133697
1704	-0.04231987	0.4847585	-0.1287486	0.7137886
1705	-0.03332781	0.4970368	-0.128502	0.7142075
1706	-0.02298424	0.5058036	-0.1282454	0.7146264
1707	-0.0135433	0.5167909	-0.1282768	0.7150452
1708	-0.002513464	0.525235	-0.1274393	0.7154641
1709	0.007473697	0.5323407	-0.1277071	0.715883
1710	0.01891246	0.5412925	-0.1265825	0.7163019
1711	0.02949632	0.5444252	-0.1268019	0.7167208
1712	0.04106531	0.5537028	-0.1257207	0.7171397
1713	0.05195308	0.5532433	-0.12581	0.7175586
1714	0.06352983	0.5613569	-0.1250453	0.7179775
1715	0.07454226	0.559342	-0.1248397	0.7183964
1716	0.08613012	0.5670077	-0.1247318	0.7188153
1717	0.09724027	0.5638489	-0.1243182	0.7192342
1718	0.1083741	0.5680012	-0.1248079	0.719653
1719	0.1196425	0.5659144	-0.124137	0.7200719
1720	0.130393	0.5669128	-0.1249423	0.7204908
1721	0.1416675	0.5659411	-0.1242336	0.7209097
1722	0.1522352	0.5634804	-0.1247339	0.7213286
1723	0.1630603	0.5629386	-0.124311	0.7217475
1724	0.1733509	0.559203	-0.1248505	0.7221664
1725	0.1842338	0.5590312	-0.1246864	0.7225853
1726	0.1942056	0.5536622	-0.1248707	0.7230042
1727	0.2051822	0.554186	-0.1250716	0.7234231
1728	0.2145948	0.5469308	-0.1248367	0.7238419
1729	0.2257798	0.5475783	-0.1250433	0.7242608
1730	0.2348344	0.5397794	-0.1243486	0.7246797
1731	0.2457976	0.5387392	-0.1243683	0.7250986
1732	0.2550609	0.5324676	-0.1234354	0.7255175
1733	0.2656361	0.5294347	-0.1229949	0.7259364
1734	0.2746357	0.5232949	-0.1218411	0.7263553
1735	0.2851974	0.5194846	-0.1209257	0.7267742
1736	0.2944466	0.5142651	-0.1199752	0.7271931
1737	0.304836	0.5095197	-0.1184203	0.727612
1738	0.3140406	0.5043892	-0.1176466	0.7280308
1739	0.3246825	0.4998336	-0.1158759	0.7284497
1740	0.3328679	0.4925492	-0.1150011	0.7288686
1741	0.3442517	0.4894223	-0.1132489	0.7292875
1742	0.3521381	0.4810202	-0.1122529	0.7297064
1743	0.3637346	0.47839	-0.1106433	0.7301253
1744	0.3718635	0.4699372	-0.109008	0.7305441
1745	0.3832892	0.4669744	-0.1082699	0.7309631
1746	0.3911436	0.4577031	-0.1069771	0.731382
1747	0.4033327	0.4556727	-0.1061836	0.7318009
1748	0.4122474	0.4474594	-0.1048718	0.7322198
1749	0.4223906	0.4423336	-0.1044462	0.7326386
1750	0.4338466	0.43716	-0.103363	0.7330575
1751	0.4409492	0.4277862	-0.1031026	0.7334764
1752	0.4551941	0.4258155	-0.1023663	0.7338953
1753	0.4601293	0.4135494	-0.1022579	0.7343142
1754	0.4763294	0.4134525	-0.1019742	0.734733
1755	0.478626	0.3983193	-0.1020618	0.7351519
1756	0.4972989	0.4002824	-0.1023633	0.7355708
1757	0.4984385	0.3839308	-0.1022433	0.7359897
1758	0.5170873	0.3853086	-0.1031877	0.7364087
1759	0.519478	0.370374	-0.1029486	0.7368275
1760	0.5342278	0.3675184	-0.1039806	0.7372464
1761	0.5406238	0.3563242	-0.1040365	0.7376653
1762	0.5499803	0.3483934	-0.1048522	0.7380842
1763	0.5608706	0.3411448	-0.1050362	0.7385031
1764	0.5655934	0.3292915	-0.1057978	0.7389219
1765	0.5803219	0.3248652	-0.1062089	0.7393408
1766	0.5785243	0.3084093	-0.1064575	0.7397597
1767	0.5979936	0.3071334	-0.1073644	0.7401786
1768	0.5934857	0.2891231	-0.1071444	0.7405975
1769	0.6111255	0.2862694	-0.1081984	0.7410164
1770	0.6076392	0.2695128	-0.1078957	0.7414353
1771	0.6220412	0.2641838	-0.1088529	0.7418542
1772	0.6212577	0.2496931	-0.1087446	0.7422731
1773	0.6308058	0.2413295	-0.1093596	0.742692
1774	0.6339908	0.2295507	-0.109311	0.7431109
1775	0.6355488	0.2171253	-0.1098787	0.7435297
1776	0.6470208	0.2095999	-0.1099472	0.7439486
1777	0.6393797	0.1933089	-0.1100911	0.7443675
1778	0.655205	0.1877931	-0.1106617	0.7447864
1779	0.6433219	0.1703885	-0.110539	0.7452053
1780	0.6593683	0.1647686	-0.111171	0.7456242
1781	0.646966	0.1482574	-0.111304	0.7460431
1782	0.65978	0.1411487	-0.111849	0.746462
1783	0.6494038	0.1264359	-0.111924	0.7468809
1784	0.6555431	0.1170216	-0.1124664	0.7472998
1785	0.6527587	0.1053687	-0.1126872	0.7477186
1786	0.6476549	0.09291895	-0.113	0.7481375
1787	0.653975	0.08408035	-0.113546	0.7485564
1788	0.6396908	0.07012428	-0.1136151	0.7489753
1789	0.6508139	0.06250171	-0.1143353	0.7493942
1790	0.631723	0.04855814	-0.1145757	0.7498131
1791	0.642403	0.04076525	-0.1151844	0.750232
1792	0.6239414	0.02842605	-0.1156331	0.7506509
1793	0.6304809	0.01986843	-0.1163201	0.7510698
1794	0.6154264	0.009454364	-0.1170449	0.7514887
1795	0.612901	-4.33E-05	-0.11753	0.7519076
1796	0.6077187	-0.008533166	-0.1186561	0.7523264
1797	0.5938674	-0.01861512	-0.1188111	0.7527453
1798	0.5984057	-0.02587889	-0.1200696	0.7531642
1799	0.5771307	-0.03546146	-0.1202267	0.7535831
1800	0.5802448	-0.04269937	-0.1212958	0.754002
1801	0.5615151	-0.0510122	-0.1215556	0.7544209
1802	0.5599653	-0.05798073	-0.1228122	0.7548398
1803	0.5435848	-0.06493677	-0.1231123	0.7552587
1804	0.5334069	-0.07121384	-0.124052	0.7556776
1805	0.5273496	-0.07756206	-0.1246665	0.7560965
1806	0.5021893	-0.08187839	-0.1253269	0.7565153
1807	0.5087167	-0.08851789	-0.1261086	0.7569342
1808	0.4747486	-0.09067537	-0.1264076	0.7573531
1809	0.4816309	-0.09645788	-0.1274944	0.757772
1810	0.4490152	-0.09685612	-0.1277478	0.7581909
1811	0.4484367	-0.1014086	-0.1286173	0.7586098
1812	0.4209315	-0.1006088	-0.1288604	0.7590287
1813	0.4120389	-0.1028881	-0.1294515	0.7594476
1814	0.3937027	-0.1020342	-0.1299033	0.7598665
1815	0.3703534	-0.09966164	-0.1302956	0.7602854
1816	0.365716	-0.1010209	-0.1306848	0.7607043
1817	0.3266435	-0.09259543	-0.1308433	0.7611231
1818	0.3314817	-0.09560239	-0.1313402	0.761542
1819	0.2841974	-0.08222611	-0.1312806	0.7619609
1820	0.2894636	-0.0846336	-0.131715	0.7623798
1821	0.2434823	-0.06892777	-0.1315414	0.7627987
1822	0.2435713	-0.0685484	-0.1318834	0.7632176
1823	0.2024362	-0.05142833	-0.1318851	0.7636365
1824	0.1943408	-0.04680553	-0.1318631	0.7640554
1825	0.1644957	-0.03175932	-0.1319074	0.7644743
1826	0.1404835	-0.01835007	-0.1316366	0.7648932
1827	0.1263976	-0.008392893	-0.1316979	0.765312
1828	0.09240702	0.01227334	-0.1311918	0.7657309
1829	0.08117389	0.02263171	-0.1313213	0.7661498
1830	0.04769297	0.04582985	-0.130916	0.7665687
1831	0.03480648	0.05878931	-0.1309381	0.7669876
1832	0.004813371	0.08314203	-0.1305808	0.7674065
1833	-0.009492984	0.09857617	-0.1304842	0.7678254
1834	-0.03397788	0.1222781	-0.1304401	0.7682443
1835	-0.05445259	0.1436504	-0.1300273	0.7686632
1836	-0.0675144	0.1620895	-0.1303943	0.7690821
1837	-0.09405454	0.1900765	-0.1300068	0.7695009
1838	-0.1016519	0.2066586	-0.1306148	0.7699198
1839	-0.1256855	0.2353303	-0.1301119	0.7703387
1840	-0.1385695	0.2579649	-0.1308318	0.7707576
1841	-0.153462	0.2818994	-0.1303001	0.7711765
1842	-0.1708051	0.3102393	-0.1306637	0.7715954
1843	-0.1774775	0.3294516	-0.1301561	0.7720143
1844	-0.1998775	0.3647851	-0.1301826	0.7724332
1845	-0.1966943	0.3767641	-0.1297723	0.7728521
1846	-0.2267377	0.4226377	-0.1294926	0.773271
1847	-0.2130636	0.4254733	-0.1292448	0.7736899
1848	-0.2433362	0.4752353	-0.1287785	0.7741087
1849	-0.2318775	0.4813828	-0.1287309	0.7745276
1850	-0.2530777	0.5248068	-0.1282125	0.7749465
1851	-0.247741	0.5388204	-0.1280319	0.7753654
1852	-0.2579175	0.5725035	-0.1275053	0.7757843
1853	-0.2584392	0.5948436	-0.126869	0.7762032
1854	-0.2583643	0.617965	-0.1263308	0.7766221
1855	-0.2675423	0.653963	-0.1253522	0.777041
1856	-0.252958	0.658784	-0.124711	0.7774599
1857	-0.2694234	0.7083927	-0.1233871	0.7778788
1858	-0.2483743	0.7042391	-0.1227631	0.7782976
1859	-0.2635712	0.755749	-0.121101	0.7787165
1860	-0.2427129	0.7515793	-0.1202717	0.7791354
1861	-0.2526251	0.7989036	-0.1185985	0.7795543
1862	-0.2337602	0.7976393	-0.1174501	0.7799732
1863	-0.2366967	0.8364603	-0.1159763	0.7803921
1864	-0.2221803	0.8432896	-0.1146735	0.780811
1865	-0.2156512	0.8667762	-0.1134711	0.7812299
1866	-0.2081533	0.8884606	-0.1118383	0.7816488
1867	-0.1917514	0.8930788	-0.110933	0.7820677
1868	-0.1886704	0.9267497	-0.1093191	0.7824866
1869	-0.1677313	0.9201849	-0.108641	0.7829054
1870	-0.1649517	0.9592965	-0.1073898	0.7833243
1871	-0.1419852	0.9452949	-0.1066849	0.7837432
1872	-0.1371762	0.9829078	-0.1058231	0.7841621
1873	-0.1156926	0.9712326	-0.1052101	0.784581
1874	-0.1063111	0.9993028	-0.1049396	0.7849998
1875	-0.08826866	0.9977238	-0.1044237	0.7854187
1876	-0.07329372	1.007801	-0.1044817	0.7858377
1877	-0.05923855	1.020475	-0.1039915	0.7862566
1878	-0.0394466	1.012493	-0.1044802	0.7866755
1879	-0.02753017	1.035212	-0.1040074	0.7870943
1880	-0.006951972	1.019502	-0.1044498	0.7875132
1881	0.006285642	1.043084	-0.1044603	0.7879321
1882	0.02654969	1.022256	-0.1046385	0.788351
1883	0.04089595	1.044248	-0.104971	0.7887699
1884	0.06006983	1.026182	-0.1050924	0.7891887
1885	0.07632023	1.034425	-0.10551	0.7896076
1886	0.09333239	1.029124	-0.1053422	0.7900265
1887	0.1110451	1.020239	-0.1059953	0.7904454
1888	0.1267162	1.027053	-0.1055578	0.7908643
1889	0.1446551	1.004822	-0.1064148	0.7912832
1890	0.1601898	1.01827	-0.1060364	0.7917021
1891	0.1768994	0.9911802	-0.1066559	0.792121
1892	0.1932985	1.003072	-0.1067274	0.7925399
1893	0.2089214	0.9764434	-0.1072211	0.7929588
1894	0.225473	0.9813119	-0.1075765	0.7933777
1895	0.2400472	0.9630095	-0.1075841	0.7937965
1896	0.2548628	0.9517232	-0.1080004	0.7942154
1897	0.2694433	0.9452238	-0.1076579	0.7946343
1898	0.2823919	0.9198763	-0.1084738	0.7950532
1899	0.2974124	0.9220876	-0.1079643	0.7954721
1900	0.3077169	0.8884963	-0.1086587	0.795891
1901	0.3235029	0.8935145	-0.1085299	0.7963099
1902	0.3312132	0.8566135	-0.108845	0.7967288
1903	0.3468447	0.8608154	-0.1090408	0.7971477
1904	0.3532778	0.825034	-0.1092171	0.7975666
1905	0.3666642	0.8205031	-0.1097066	0.7979854
1906	0.3741052	0.7959013	-0.1094941	0.7984043
1907	0.3825987	0.7745166	-0.1104104	0.7988232
1908	0.3920058	0.761542	-0.1100253	0.7992421
1909	0.3960631	0.7303914	-0.1109696	0.799661
1910	0.4078598	0.7255556	-0.1109773	0.8000799
1911	0.4068833	0.685981	-0.1116604	0.8004988
1912	0.4196452	0.6846676	-0.112045	0.8009177
1913	0.4147841	0.6407518	-0.1124735	0.8013366
1914	0.4274511	0.6402088	-0.1133256	0.8017555
1915	0.4211546	0.5988008	-0.1133971	0.8021744
1916	0.4302768	0.5908727	-0.1148004	0.8025932
1917	0.425535	0.5577825	-0.1145988	0.8030121
1918	0.4282249	0.538851	-0.1162277	0.803431
1919	0.4253382	0.5127601	-0.1160568	0.8038499
1920	0.4244187	0.4903793	-0.1175228	0.8042688
1921	0.4220934	0.4681128	-0.1175995	0.8046877
1922	0.4160413	0.4402853	-0.1187345	0.8051066
1923	0.4155207	0.4232343	-0.1193014	0.8055255
1924	0.404859	0.3920017	-0.1199372	0.8059444
1925	0.4038252	0.3758137	-0.1211026	0.8063633
1926	0.3916553	0.3463315	-0.1212594	0.8067821
1927	0.3863797	0.3262659	-0.1228404	0.807201
1928	0.3731866	0.298748	-0.1228065	0.8076199
1929	0.3674209	0.280686	-0.1244541	0.8080388
1930	0.3504243	0.2515126	-0.1244213	0.8084577
1931	0.3451189	0.2365608	-0.1259643	0.8088766
1932	0.3248393	0.2065108	-0.1261286	0.8092955
1933	0.3159388	0.1904043	-0.1271353	0.8097144
1934	0.2961761	0.1637402	-0.1278132	0.8101333
1935	0.285648	0.1487098	-0.1282362	0.8105522
1936	0.2608421	0.1197348	-0.1292979	0.810971
1937	0.2510599	0.1080581	-0.1291599	0.8113899
1938	0.2234256	0.07949726	-0.1305774	0.8118088
1939	0.2105393	0.06738553	-0.1302657	0.8122277
1940	0.1854774	0.04446324	-0.131549	0.8126466
1941	0.1668914	0.02974476	-0.1312416	0.8130655
1942	0.1409267	0.009580264	-0.1320377	0.8134844
1943	0.119739	-0.004923421	-0.1320578	0.8139033
1944	0.09404617	-0.02172963	-0.1323607	0.8143222
1945	0.06808276	-0.0374302	-0.1326573	0.8147411
1946	0.04605427	-0.04847457	-0.1323163	0.81516
1947	0.01249976	-0.06698024	-0.1329653	0.8155788
1948	-0.006068527	-0.07302306	-0.1322059	0.8159977
1949	-0.04209258	-0.09007269	-0.1328927	0.8164166
1950	-0.06113146	-0.09427603	-0.132096	0.8168355
1951	-0.09823418	-0.108759	-0.1326248	0.8172544
1952	-0.1159957	-0.1105098	-0.1321368	0.8176733
1953	-0.156437	-0.1236977	-0.1323976	0.8180922
1954	-0.1706184	-0.1221434	-0.1325165	0.8185111
1955	-0.2105657	-0.1322766	-0.1322689	0.81893
1956	-0.2284244	-0.1312709	-0.1329725	0.8193489
1957	-0.262307	-0.1360984	-0.1324416	0.8197677
1958	-0.284317	-0.1356346	-0.1335257	0.8201866
1959	-0.3139683	-0.1366797	-0.1327962	0.8206055
1960	-0.336142	-0.1348179	-0.1340271	0.8210244
1961	-0.3615415	-0.132683	-0.1334606	0.8214433
1962	-0.3898779	-0.1311912	-0.1343949	0.8218622
1963	-0.4065655	-0.1249141	-0.1343152	0.8222811
1964	-0.4402578	-0.1229531	-0.1345987	0.8227
1965	-0.4536211	-0.1144197	-0.1348581	0.8231189
1966	-0.4853862	-0.1095767	-0.1344711	0.8235378
1967	-0.5010907	-0.1005129	-0.1349245	0.8239567
1968	-0.5296725	-0.09273163	-0.1339024	0.8243755
1969	-0.5467474	-0.08253194	-0.1342508	0.8247944
1970	-0.5732589	-0.07263675	-0.1329051	0.8252133
1971	-0.5917323	-0.06111457	-0.1327869	0.8256322
1972	-0.6142257	-0.04937446	-0.1317809	0.8260511
1973	-0.6382695	-0.03712671	-0.1312147	0.82647
1974	-0.6539022	-0.02349966	-0.1304331	0.8268889
1975	-0.6792683	-0.009776914	-0.1292292	0.8273078
1976	-0.6950442	0.004661687	-0.1288232	0.8277267
1977	-0.7171614	0.02041605	-0.1269544	0.8281456
1978	-0.7342576	0.0359058	-0.126637	0.8285644
1979	-0.7519343	0.053364	-0.1243365	0.8289833
1980	-0.7673314	0.07002269	-0.1239221	0.8294022
1981	-0.782441	0.08830015	-0.1217036	0.8298211
1982	-0.798057	0.1063276	-0.1208442	0.83024
1983	-0.807978	0.1248685	-0.1190425	0.8306589
1984	-0.8251549	0.1438514	-0.1177808	0.8310778
1985	-0.8298826	0.1620295	-0.1165952	0.8314967
1986	-0.8431857	0.1814977	-0.1145211	0.8319156
1987	-0.8472944	0.199218	-0.1143918	0.8323345
1988	-0.8555207	0.2183407	-0.1124666	0.8327534
1989	-0.8585389	0.2355497	-0.112321	0.8331722
1990	-0.8598868	0.2534115	-0.1107721	0.8335911
1991	-0.8634667	0.2705658	-0.1106138	0.83401
1992	-0.8577259	0.2862014	-0.1096436	0.8344289
1993	-0.8619376	0.3032776	-0.1093129	0.8348478
1994	-0.8487118	0.3160735	-0.1090942	0.8352666
1995	-0.8521266	0.3327893	-0.1084759	0.8356856
1996	-0.8356457	0.3434735	-0.1089751	0.8361045
1997	-0.8358703	0.3594489	-0.1078975	0.8365234
1998	-0.819496	0.3688823	-0.1088548	0.8369423
1999	-0.8157647	0.38305	-0.1077953	0.8373611
2000	-0.8007965	0.3923216	-0.1085998	0.83778
2001	-0.7920997	0.4041863	-0.1078197	0.8381989
2002	-0.7815291	0.414753	-0.1081834	0.8386178
2003	-0.7663926	0.4232263	-0.1077668	0.8390367
2004	-0.7597149	0.4353114	-0.1077787	0.8394555
2005	-0.7409177	0.4413182	-0.1076898	0.8398744
2006	-0.7367957	0.4546012	-0.1070393	0.8402933
2007	-0.7159131	0.4586683	-0.1076714	0.8407122
2008	-0.7128129	0.4724339	-0.1065143	0.8411312
2009	-0.6888363	0.4739901	-0.1072065	0.84155
2010	-0.6861567	0.4877938	-0.1063072	0.8419689
2011	-0.6631323	0.4891239	-0.1067653	0.8423878
2012	-0.6586342	0.5015447	-0.1060421	0.8428067
2013	-0.6404434	0.5053165	-0.1063737	0.8432256
2014	-0.629541	0.5131661	-0.1060556	0.8436445
2015	-0.6154771	0.5192355	-0.1058642	0.8440633
2016	-0.6016861	0.5243819	-0.1062877	0.8444822
2017	-0.5916198	0.5330822	-0.1056074	0.8449011
2018	-0.5737551	0.534429	-0.1063141	0.84532
2019	-0.5668884	0.5453289	-0.1057225	0.8457389
2020	-0.5449361	0.5427002	-0.1063684	0.8461578
2021	-0.5410792	0.5558138	-0.1059369	0.8465767
2022	-0.5204597	0.5536496	-0.1066098	0.8469956
2023	-0.515791	0.5657825	-0.1064121	0.8474145
2024	-0.496277	0.5643382	-0.1064694	0.8478334
2025	-0.488499	0.5733348	-0.1068806	0.8482522
2026	-0.4724344	0.574872	-0.1063299	0.8486711
2027	-0.4622988	0.5809961	-0.1070132	0.84909
2028	-0.4489148	0.5851055	-0.106436	0.8495089
2029	-0.4353531	0.5871757	-0.1072081	0.8499278
2030	-0.4252453	0.594441	-0.1064649	0.8503467
2031	-0.4092072	0.5932755	-0.1072367	0.8507656
2032	-0.3999423	0.600805	-0.1067874	0.8511845
2033	-0.3846778	0.6002095	-0.1071379	0.8516034
2034	-0.3745588	0.6058187	-0.1074616	0.8520223
2035	-0.3600205	0.6056918	-0.1073292	0.8524411
2036	-0.3499115	0.6104916	-0.108166	0.85286
2037	-0.3358966	0.6105341	-0.1079486	0.8532789
2038	-0.3244264	0.6123155	-0.1092369	0.8536978
2039	-0.3115649	0.6132652	-0.1089333	0.8541167
2040	-0.2981379	0.610999	-0.1105623	0.8545356
2041	-0.2868681	0.6133271	-0.1104931	0.8549545
2042	-0.2733588	0.6102775	-0.1120272	0.8553734
2043	-0.2613971	0.6097806	-0.112523	0.8557923
2044	-0.2484319	0.6069283	-0.1137107	0.8562112
2045	-0.2358727	0.6033873	-0.114801	0.8566301
2046	-0.2236145	0.6009261	-0.1155999	0.8570489
2047	-0.2109559	0.5948785	-0.1172962	0.8574678
2048	-0.1995153	0.5931672	-0.1177138	0.8578867
2049	-0.1861986	0.5835304	-0.1197133	0.8583056
2050	-0.1758027	0.5828207	-0.1199898	0.8587245
2051	-0.1628972	0.5726147	-0.1219745	0.8591434
2052	-0.1524528	0.5695116	-0.1224363	0.8595623
2053	-0.1404632	0.5606629	-0.1241055	0.8599812
2054	-0.1298693	0.5546776	-0.1248127	0.8604001
2055	-0.1189295	0.5481852	-0.1259778	0.860819
2056	-0.1083531	0.5395763	-0.1270664	0.8612378
2057	-0.0983291	0.535288	-0.1276651	0.8616567
2058	-0.08811235	0.5252886	-0.1290545	0.8620756
2059	-0.07860054	0.5220823	-0.1290114	0.8624945
2060	-0.06880239	0.5117663	-0.1306458	0.8629134
2061	-0.06007402	0.5096719	-0.1307773	0.8633323
2062	-0.05058337	0.5006849	-0.1318568	0.8637512
2063	-0.04218832	0.4970514	-0.1321341	0.8641701
2064	-0.03312089	0.4901387	-0.1327773	0.864589
2065	-0.02521695	0.4863045	-0.1333146	0.8650079
2066	-0.01641961	0.480733	-0.1333683	0.8654268
2067	-0.008935678	0.4754308	-0.1341852	0.8658456
2068	-0.000392874	0.4723589	-0.1336174	0.8662645
2069	0.006778767	0.4654908	-0.1345556	0.8666834
2070	0.01497143	0.4652355	-0.133779	0.8671023
2071	0.02209449	0.4554752	-0.1345799	0.8675212
2072	0.02982568	0.4566838	-0.1338599	0.8679401
2073	0.03668757	0.4463791	-0.1345209	0.868359
2074	0.04393458	0.4467892	-0.1341863	0.8687779
2075	0.05052309	0.4365364	-0.1345115	0.8691968
2076	0.0574269	0.4377553	-0.1348556	0.8696157
2077	0.06386529	0.4286228	-0.1349263	0.8700345
2078	0.0700039	0.4267934	-0.1358032	0.8704534
2079	0.07640363	0.4196389	-0.1356425	0.8708723
2080	0.08143625	0.4140766	-0.1370518	0.8712912
2081	0.08730957	0.4085575	-0.1369933	0.8717101
2082	0.09213902	0.4014501	-0.1381016	0.872129
2083	0.09739198	0.3967015	-0.138219	0.8725479
2084	0.1016429	0.3879282	-0.1390051	0.8729668
2085	0.1064735	0.3838294	-0.1393269	0.8733857
2086	0.1101724	0.3742553	-0.1395203	0.8738046
2087	0.1149985	0.3713637	-0.1399216	0.8742235
2088	0.1179415	0.3599094	-0.139394	0.8746423
2089	0.1224134	0.3562758	-0.1396045	0.8750612
2090	0.1256355	0.3471503	-0.1385316	0.8754801
2091	0.1302971	0.3434708	-0.1384029	0.875899
2092	0.1328132	0.3338633	-0.1370533	0.8763179
2093	0.1381116	0.3310677	-0.1364152	0.8767368
2094	0.1400282	0.3211547	-0.1351074	0.8771557
2095	0.145463	0.3181067	-0.1339582	0.8775746
2096	0.147718	0.3099965	-0.1329937	0.8779935
2097	0.1538217	0.308035	-0.1313009	0.8784124
2098	0.1553936	0.2990339	-0.1305811	0.8788312
2099	0.1619649	0.2977555	-0.1286259	0.8792501
2100	0.1637799	0.2892803	-0.1278634	0.879669
2101	0.1703465	0.2881567	-0.1258999	0.8800879
2102	0.1728134	0.2805817	-0.1250145	0.8805068
2103	0.1792038	0.279398	-0.1232552	0.8809257
2104	0.1826279	0.2730189	-0.1216034	0.8813446
2105	0.1891077	0.2720516	-0.1207406	0.8817635
2106	0.193319	0.266449	-0.1192091	0.8821824
2107	0.198588	0.263857	-0.1183597	0.8826013
2108	0.2056087	0.2617752	-0.1168289	0.8830201
2109	0.2078564	0.2550396	-0.1162357	0.883439
2110	0.2170227	0.2556209	-0.114984	0.8838579
2111	0.2176927	0.2467831	-0.1144462	0.8842768
2112	0.228818	0.24959	-0.1134988	0.8846957
2113	0.2283752	0.2393409	-0.1130574	0.8851146
2114	0.2406801	0.2432851	-0.1125262	0.8855335
2115	0.2377532	0.2304856	-0.1121809	0.8859524
2116	0.2525677	0.2366343	-0.1120766	0.8863713
2117	0.2492101	0.2236689	-0.1114458	0.8867902
2118	0.2617204	0.227118	-0.1118971	0.8872091
2119	0.2617172	0.2175844	-0.1110332	0.8876279
2120	0.269894	0.2165902	-0.1113828	0.8880468
2121	0.2740578	0.2110431	-0.1108628	0.8884657
2122	0.278506	0.2064514	-0.1109191	0.8888846
2123	0.2853124	0.2034127	-0.1105197	0.8893035
2124	0.2848037	0.1948515	-0.1105216	0.8897223
2125	0.2969287	0.195722	-0.1102915	0.8901412
2126	0.2909535	0.1833011	-0.1098393	0.8905602
2127	0.3067065	0.1865185	-0.1101211	0.8909791
2128	0.2992046	0.1734584	-0.1092995	0.891398
2129	0.3125425	0.1746948	-0.109628	0.8918168
2130	0.3074208	0.1637504	-0.1089613	0.8922357
2131	0.3179299	0.1627242	-0.1091492	0.8926546
2132	0.3143878	0.1534162	-0.1085182	0.8930735
2133	0.3207111	0.1497812	-0.1087397	0.8934924
2134	0.3218118	0.1433537	-0.1082064	0.8939112
2135	0.3210175	0.1360368	-0.1081381	0.8943301
2136	0.3291854	0.1332394	-0.1081034	0.894749
2137	0.3215248	0.1231117	-0.1077679	0.8951679
2138	0.3337697	0.1220584	-0.1079048	0.8955868
2139	0.3221495	0.1107935	-0.1075783	0.8960057
2140	0.3354567	0.1098493	-0.1077325	0.8964246
2141	0.3233453	0.09922311	-0.1074075	0.8968435
2142	0.3348646	0.09719311	-0.1077091	0.8972624
2143	0.3242364	0.08789587	-0.1073469	0.8976813
2144	0.3319132	0.08430617	-0.1073703	0.8981002
2145	0.3289072	0.07788119	-0.1074056	0.898519
2146	0.3270986	0.07151398	-0.1072221	0.8989379
2147	0.333681	0.06776709	-0.1073488	0.8993568
2148	0.3252408	0.05997014	-0.1070269	0.8997757
2149	0.3359194	0.05676143	-0.1071981	0.9001946
2150	0.3259568	0.04905549	-0.1068375	0.9006135
2151	0.338179	0.04540214	-0.1068652	0.9010324
2152	0.3288899	0.03842297	-0.1068019	0.9014513
2153	0.338528	0.03372563	-0.1066635	0.9018702
2154	0.3329078	0.02784931	-0.1068411	0.9022891
2155	0.3350123	0.02190806	-0.1067257	0.9027079
2156	0.3388036	0.01724072	-0.1071269	0.9031268
2157	0.3336217	0.01064754	-0.1068198	0.9035457
2158	0.3420229	0.006264501	-0.1076525	0.9039646
2159	0.3336683	-0.000153158	-0.1072791	0.9043835
2160	0.3411817	-0.00473863	-0.1080774	0.9048024
